8.638
11.842
31.347
32.276
32.740
33.205
34.157
34.644
35.085
35.550
36.014
36.502
36.966
37.431
37.918
38.383
38.847
39.311
39.776
40.240
40.728
41.169
41.680
42.121
42.585
43.050
43.514
43.979
44.466
44.931
45.418
45.859
46.324
46.835
47.531
47.763
48.228
48.692
49.157
49.644
49.876
50.109
50.573
51.014
51.502
51.966
52.454
53.383
53.615
53.847
54.102
54.335
54.567
54.799
55.031
55.263
55.496
55.728
55.983
56.192
56.448
56.657
56.912
57.121
57.377
57.609
57.841
58.073
58.305
58.538
58.793
59.025
59.234
59.490
59.722
59.954
60.186
60.418
60.674
60.790
60.906
61.138
61.347
61.788
62.067
62.276
62.508
62.717
62.996
63.205
63.460
63.669
63.925
64.134
64.412
64.598
64.877
65.062
65.341
65.550
65.805
66.014
66.293
66.479
66.757
66.943
67.222
67.408
67.686
67.895
68.151
68.360
68.615
68.824
69.103
69.288
69.567
69.753
70.031
70.217
70.496
70.682
71.169
71.401
71.634
72.098
72.353
72.562
72.841
73.027
73.329
73.514
73.770
73.979
74.257
74.443
74.722
74.908
75.186
75.418
75.651
75.906
76.138
76.347
76.579
76.788
77.044
77.253
77.508
77.740
77.996
78.228
78.460
78.669
78.925
79.157
79.412
79.598
79.853
80.086
80.341
80.550
80.805
81.014
81.270
81.479
81.757
81.943
82.222
82.408
82.686
82.895
83.151
83.360
83.615
83.824
84.103
84.288
84.544
84.753
85.031
85.240
85.496
85.705
85.960
86.169
86.425
86.634
86.912
87.098
87.377
87.562
87.841
88.050
88.514
88.979
89.443
89.722
89.908
90.186
90.395
90.651
90.860
91.115
91.324
91.788
92.253
92.299
92.532
92.717
93.182
93.646
94.134
94.412
94.598
94.854
95.062
95.527
95.806
96.015
96.270
96.456
96.943
97.222
97.384
97.686
97.872
98.151
98.337
98.801
99.265
99.567
99.753
100.032
100.217
100.682
101.146
101.634
102.098
102.377
102.563
103.027
103.306
103.515
103.770
103.956
104.443
104.722
104.885
105.372
105.628
105.837
106.324
106.556
106.765
107.253
107.508
107.717
108.019
108.205
108.460
108.646
108.925
109.134
109.412
109.575
109.854
110.063
110.318
110.527
110.806
111.015
111.270
111.479
111.734
111.943
112.199
112.408
112.686
112.872
113.128
113.337
113.615
113.847
114.080
114.265
114.544
114.753
115.032
115.217
115.496
115.705
115.960
116.146
116.425
116.634
116.889
117.098
117.377
117.586
117.818
118.027
118.306
118.515
118.956
119.443
119.722
119.908
120.372
120.651
120.837
121.324
121.812
122.276
122.764
122.996
123.228
123.693
124.157
124.413
124.645
124.877
125.086
125.574
126.038
126.526
126.990
127.919
128.848
129.103
129.312
129.567
129.800
130.032
130.264
130.519
130.728
130.961
131.193
131.448
131.657
131.913
132.122
132.377
132.609
132.841
133.074
133.306
133.538
133.770
134.002
134.235
134.467
134.699
134.954
135.187
135.419
135.674
135.790
135.906
136.139
136.348
136.580
136.789
137.044
137.276
137.509
137.741
137.996
138.205
138.437
138.670
138.925
139.134
139.389
139.598
139.877
140.063
140.341
140.550
140.806
141.015
141.270
141.479
141.758
141.944
142.199
142.408
142.663
142.872
143.151
143.360
143.615
143.848
144.103
144.289
144.544
144.753
145.032
145.218
145.496
145.682
145.728
145.961
146.170
146.425
146.634
146.913
147.098
147.354
147.563
147.841
148.050
148.306
148.515
148.770
148.979
149.258
149.444
149.699
149.908
150.163
150.396
150.651
150.883
151.115
151.348
151.580
151.789
152.067
152.253
152.718
153.182
153.646
153.925
154.134
154.413
154.598
154.854
155.086
155.341
155.550
155.806
156.015
156.270
156.479
156.735
156.944
157.199
157.408
157.663
157.896
158.151
158.360
158.616
158.848
159.080
159.289
159.544
159.753
160.032
160.218
160.496
160.705
160.961
161.170
161.425
161.634
161.913
162.099
162.377
162.586
162.842
163.051
163.329
163.515
163.770
163.979
164.258
164.444
164.699
164.908
165.164
165.396
165.651
165.883
166.116
166.394
170.109
177.586
178.074
181.371
182.300
182.764
183.229
183.716
184.157
184.645
185.086
185.574
186.038
186.503
186.967
187.919
188.383
188.639
188.848
189.103
189.336
189.800
190.032
190.264
190.497
190.705
190.961
191.193
191.449
191.658
191.913
192.145
192.377
192.610
192.842
193.074
193.306
193.538
193.771
194.003
194.235
194.467
194.699
194.955
195.187
195.419
195.675
195.791
195.907
196.116
196.348
196.580
196.789
197.045
197.254
197.532
197.741
197.997
198.206
198.461
198.670
198.925
199.134
199.413
199.599
199.877
200.063
200.342
200.551
200.829
201.015
201.294
201.480
201.758
201.944
202.223
202.408
202.687
202.896
203.151
203.360
203.616
203.848
204.103
204.289
204.545
204.754
205.032
205.218
205.497
205.706
206.170
206.425
206.634
206.913
207.099
207.377
207.563
207.842
208.051
208.306
208.515
208.794
208.980
209.258
209.444
209.699
209.908
210.187
210.396
210.651
210.884
211.139
211.348
211.812
212.068
212.254
212.532
212.741
213.206
213.461
213.670
213.949
214.134
214.413
214.599
214.854
215.086
215.342
215.551
215.806
216.015
216.271
216.480
216.735
216.944
217.199
217.408
217.687
217.896
218.151
218.360
218.616
218.825
219.080
219.289
219.545
219.754
220.032
220.218
220.497
220.682
220.961
221.170
221.425
221.634
221.913
222.099
222.378
222.563
222.842
223.051
223.306
223.515
223.771
223.956
224.235
224.444
224.700
224.908
225.187
225.373
225.652
225.837
226.116
