0.261
0.412
0.541
0.591
0.643
0.659
0.651
0.650
0.636
0.709
0.680
0.680
0.723
0.763
0.757
0.653
0.748
0.747
0.735
0.795
0.815
0.834
0.778
0.882
0.851
0.907
0.797
0.609
0.150
0.045
0.050
0.000
0.759
0.833
0.815
0.812
0.810
0.555
0.559
0.500
0.743
0.806
0.724
0.848
0.678
0.516
0.521
0.523
0.532
0.754
0.831
0.884
0.564
0.581
0.589
0.521
0.770
0.848
0.808
0.833
0.764
0.526
0.517
0.532
0.529
0.883
0.837
0.917
0.915
0.909
0.854
0.849
0.936
0.909
0.934
0.943
0.897
0.904
0.870
0.874
0.866
0.905
0.952
0.906
0.915
0.927
0.928
0.858
0.889
0.898
0.941
0.949
0.921
0.901
0.867
0.879
0.904
0.909
0.901
0.883
0.902
0.814
0.819
0.835
0.805
0.845
0.796
0.795
0.809
0.865
0.820
0.837
0.849
0.807
0.844
0.854
0.885
0.864
0.869
0.882
0.872
0.862
0.873
0.880
0.862
0.881
0.869
0.877
0.879
0.848
0.787
0.943
0.945
0.954
0.959
0.952
0.957
0.965
0.968
0.973
0.948
0.956
0.966
0.973
0.974
0.959
0.957
0.953
0.955
0.957
0.961
0.960
0.950
0.966
0.967
0.977
0.953
0.962
0.968
0.966
0.970
0.826
0.888
0.937
0.943
0.950
0.958
0.951
0.957
0.959
0.965
0.976
0.944
0.955
0.968
0.967
0.966
0.962
0.953
0.954
0.955
0.960
0.959
0.957
0.954
0.964
0.969
0.972
0.963
0.957
0.961
0.963
0.971
0.944
0.954
0.960
0.955
0.991
0.977
0.977
0.950
0.974
0.989
0.986
0.973
0.992
0.994
1.000
0.970
0.981
0.988
0.978
0.975
0.995
0.977
0.981
0.972
0.970
0.989
0.988
0.970
0.987
0.993
0.994
0.972
0.987
0.950
0.945
0.964
0.994
0.967
0.987
0.989
0.983
0.978
0.985
0.967
0.981
0.986
0.988
0.961
0.971
0.976
0.961
0.958
0.962
0.978
0.988
0.979
0.978
0.982
0.982
0.973
0.980
0.977
0.987
0.967
0.981
0.979
0.892
0.911
0.849
0.853
0.859
0.837
0.871
0.819
0.815
0.834
0.884
0.833
0.849
0.852
0.805
0.844
0.904
0.913
0.864
0.875
0.890
0.868
0.867
0.867
0.879
0.859
0.879
0.870
0.879
0.883
0.852
0.795
0.943
0.951
0.952
0.957
0.951
0.957
0.968
0.972
0.974
0.952
0.961
0.965
0.973
0.971
0.955
0.951
0.949
0.959
0.959
0.963
0.963
0.957
0.964
0.975
0.979
0.952
0.960
0.967
0.962
0.969
0.821
0.880
0.935
0.943
0.956
0.958
0.946
0.955
0.958
0.963
0.973
0.949
0.955
0.965
0.965
0.967
0.962
0.952
0.954
0.956
0.954
0.960
0.952
0.956
0.962
0.968
0.978
0.959
0.959
0.959
0.961
0.968
0.963
0.961
0.816
0.803
0.726
0.739
0.767
0.748
0.743
0.729
0.817
0.810
0.848
0.806
0.800
0.713
0.749
0.709
0.763
0.673
0.762
0.684
0.790
0.718
0.683
0.674
0.820
0.801
0.837
0.838
0.800
0.732
0.736
0.698
0.849
0.868
0.812
0.842
0.841
0.807
0.830
0.770
0.829
0.839
0.875
0.879
0.864
0.849
0.811
0.847
0.837
0.857
0.848
0.870
0.891
0.860
0.851
0.853
0.864
0.868
0.864
0.883
0.856
0.880
0.845
0.775
0.940
0.949
0.955
0.959
0.954
0.957
0.963
0.970
0.973
0.957
0.964
0.962
0.967
0.972
0.959
0.955
0.957
0.954
0.956
0.961
0.957
0.953
0.965
0.974
0.975
0.956
0.958
0.961
0.965
0.969
0.838
0.884
0.937
0.942
0.955
0.955
0.953
0.952
0.961
0.965
0.974
0.948
0.957
0.962
0.961
0.967
0.958
0.950
0.953
0.949
0.953
0.958
0.957
0.950
0.966
0.968
0.975
0.956
0.957
0.957
0.964
0.973
