53
78
2
39
455
2
444
175
0
0
2
1
52
4
10
1
29
2
2
35
34
22
7
27
8
1
7
1
1
1
3
0
32
0
0
25
0
0
2
4
42
31
7
3
0
4
0
16
51
0
0
0
0
34
4
11
0
1
3
0
0
4
31
0
0
50
0
11
0
2
50
0
55
0
0
0
0
8
37
50
0
20
1
25
48
15
47
0
32
0
8
37
1
47
0
23
0
23
0
13
7
25
11
51
0
32
0
9
0
0
27
2
25
25
51
0
28
27
0
47
0
30
0
30
0
30
0
4
36
37
41
0
20
14
14
37
15
26
18
0
50
0
36
21
47
0
1
37
1
14
2
18
0
2
0
36
36
15
30
0
37
41
4
37
18
0
4
8
15
18
0
0
18
0
36
38
50
0
39
0
14
49
36
30
0
15
4
39
0
49
19
50
0
26
8
0
30
0
38
56
56
19
0
0
36
56
1
14
50
0
39
0
18
0
56
36
15
8
51
0
9
0
54
28
24
28
51
0
6
28
36
23
0
1
1
24
23
0
23
0
12
51
0
26
18
0
18
0
50
0
4
2
0
26
37
0
20
37
15
18
0
47
0
47
0
20
37
47
0
36
31
0
41
50
0
55
0
55
0
41
47
0
18
0
1
41
8
30
0
0
55
0
36
18
0
15
50
0
1
27
0
1
16
0
0
22
24
9
0
0
0
0
43
42
34
0
17
24
1
24
52
17
21
24
2
22
23
0
51
0
2
2
0
27
32
0
32
51
0
2
11
0
4
32
0
53
1
16
50
0
15
15
56
2
2
18
0
37
0
56
1
15
18
0
30
0
37
18
0
18
0
47
0
11
0
50
0
36
0
20
0
26
47
0
56
50
0
1
36
18
0
2
56
56
26
30
0
2
