0.232
0.673
1.115
1.579
2.043
2.508
2.949
3.413
3.878
4.319
4.760
5.201
5.666
6.130
6.594
7.059
7.523
7.988
8.452
8.916
9.358
9.845
10.310
10.774
11.238
11.703
12.190
12.655
13.119
13.584
14.048
14.512
14.977
15.441
15.906
16.393
16.834
17.322
17.786
18.251
18.715
19.156
19.644
20.108
20.596
21.084
21.548
22.013
22.500
22.965
23.452
23.917
24.381
24.845
25.310
25.774
26.215
26.680
27.121
27.609
28.096
28.584
29.048
29.513
30.000
30.441
30.883
31.324
31.835
32.299
32.763
33.228
33.692
34.180
34.644
35.109
35.573
36.061
36.525
36.989
37.454
37.918
38.406
38.870
39.335
39.799
40.287
40.751
41.215
41.680
42.144
42.609
43.073
43.561
44.025
44.489
44.954
45.441
45.883
46.370
46.835
47.299
47.763
48.228
48.715
49.180
49.644
50.109
50.573
51.061
51.525
51.989
52.454
52.918
53.406
53.870
54.335
54.799
55.263
55.751
56.216
56.680
57.144
57.609
58.096
58.561
59.025
59.490
59.954
60.442
60.906
61.370
61.835
62.299
62.764
63.228
63.716
64.180
64.644
65.109
65.573
66.061
66.525
66.990
67.454
67.918
68.406
68.870
69.335
69.799
70.264
70.728
71.216
71.680
72.144
72.609
73.073
73.561
74.025
74.490
74.954
75.442
75.906
76.370
76.835
77.299
77.764
78.251
78.716
79.180
79.644
80.109
80.596
81.061
81.525
81.990
82.454
82.918
83.406
83.870
84.335
84.799
85.264
85.751
86.216
86.680
87.144
87.609
88.073
88.561
89.025
89.490
89.954
90.419
90.883
91.347
91.812
92.299
92.740
93.228
93.693
94.157
94.621
95.109
95.550
96.038
96.502
96.990
97.431
97.919
98.383
98.847
99.312
99.799
100.241
100.728
101.193
101.657
102.121
102.609
103.050
103.538
104.002
104.490
104.931
105.419
105.860
106.324
106.812
107.299
107.741
108.228
108.693
109.180
109.621
110.109
110.550
111.038
111.502
111.990
112.431
112.919
113.383
113.847
114.312
114.799
115.264
115.728
116.193
116.680
117.121
117.609
118.073
118.538
119.002
119.490
119.931
120.419
120.883
121.371
121.835
122.300
122.764
123.252
123.716
124.180
124.645
125.109
125.574
126.061
126.526
126.990
127.454
127.919
128.406
128.871
129.335
129.800
130.287
130.752
131.216
131.680
132.145
132.609
133.074
133.561
134.026
134.490
134.954
135.442
135.906
136.371
136.835
137.300
137.764
138.252
138.716
139.180
139.645
140.109
140.574
141.061
141.526
141.990
142.454
142.919
143.383
143.871
144.335
144.800
145.264
145.728
146.216
146.680
147.145
147.609
148.074
148.561
149.026
149.490
149.954
150.442
150.906
151.371
151.835
152.300
152.764
153.252
153.716
154.180
154.645
155.109
155.597
156.061
156.526
156.990
157.455
157.919
158.407
158.871
159.335
159.800
160.264
160.752
161.216
161.681
162.145
162.609
163.074
163.561
164.026
164.490
164.955
165.419
165.883
166.348
166.835
167.300
167.787
168.252
168.716
169.181
169.645
170.109
170.574
171.061
171.526
171.990
172.478
172.942
173.407
173.871
174.335
174.800
175.264
175.752
176.216
176.681
177.145
177.609
178.074
178.561
179.026
179.490
179.955
180.419
180.883
181.371
181.835
182.300
182.787
183.252
183.716
184.181
184.645
185.109
185.574
186.061
186.526
186.990
187.455
187.919
188.407
188.871
189.336
189.800
190.288
190.752
191.216
191.681
192.145
192.610
193.097
193.562
194.026
194.490
194.955
195.442
195.907
196.371
196.836
197.300
197.764
198.252
198.716
199.181
199.645
200.110
200.574
201.062
201.526
201.990
202.455
202.919
203.384
203.871
204.336
204.800
205.264
205.729
206.216
206.681
207.145
207.610
208.074
208.562
209.026
209.490
209.955
210.442
210.907
211.371
211.836
212.300
212.764
213.252
213.716
214.181
214.645
215.110
215.574
216.062
216.526
216.990
217.455
217.919
218.407
218.871
219.336
219.800
220.264
220.729
221.217
221.681
222.145
222.610
223.074
223.562
224.026
224.491
224.955
