95
108
1
166
2
17
382
33
14
36
8
26
18
0
20
15
4
4
1
37
0
1
41
30
0
0
50
0
15
30
0
15
26
37
14
0
4
36
4
18
0
4
7
7
52
47
0
8
1
37
50
0
14
18
0
18
0
50
0
26
41
20
37
18
0
15
1
15
26
47
0
30
0
18
0
14
2
1
14
41
29
0
0
2
30
0
50
0
55
0
56
0
1
0
55
0
41
2
20
47
0
1
26
30
0
37
41
14
47
0
0
1
18
0
36
30
0
26
0
36
8
36
15
30
0
56
0
37
36
47
0
2
14
34
34
27
0
1
37
24
52
0
0
1
1
25
5
1
0
0
27
1
27
11
51
0
4
53
20
24
0
9
0
28
28
9
0
20
24
39
1
1
1
1
15
14
2
50
0
4
15
4
39
0
38
1
26
8
18
0
56
8
1
50
0
30
0
4
47
0
0
2
1
15
26
37
26
4
39
0
19
0
14
1
37
26
50
0
14
14
42
27
33
24
1
0
4
25
0
48
42
7
1
47
0
37
50
0
18
0
55
0
20
0
56
0
41
50
0
0
0
0
14
50
0
2
56
0
37
0
0
1
52
31
0
48
48
0
0
1
1
37
1
26
41
55
0
4
47
0
49
2
38
1
1
0
26
50
0
1
15
0
1
41
20
0
41
20
47
0
1
15
2
20
37
0
38
49
0
0
47
0
20
30
0
36
50
0
50
0
56
8
36
31
50
0
18
0
4
41
8
47
0
10
9
0
6
40
42
7
16
0
7
0
29
