0.920
0.976
0.939
0.964
0.934
0.971
0.937
0.954
0.951
0.964
0.940
0.969
0.122
0.584
0.578
0.720
0.932
0.968
0.943
0.974
0.942
0.964
0.947
0.971
0.932
0.973
0.940
0.976
0.948
0.968
0.945
0.961
0.954
0.974
0.941
0.962
0.947
0.970
0.938
0.956
0.946
0.595
0.911
0.781
0.709
0.697
0.710
0.756
0.930
0.973
0.933
0.977
0.939
0.978
0.942
0.970
0.937
0.971
0.940
0.975
0.945
0.976
0.942
0.967
0.959
0.976
0.946
0.973
0.945
0.965
0.937
0.976
0.941
0.974
0.947
0.966
0.941
0.973
0.942
0.957
0.961
0.967
0.944
0.974
0.948
0.972
0.958
0.976
0.945
0.966
0.939
0.976
0.930
0.769
0.919
0.815
0.936
0.977
0.940
0.974
0.965
0.969
0.973
0.974
0.943
0.978
0.942
0.966
0.991
0.972
0.972
0.975
0.943
0.977
0.944
0.968
0.941
0.969
0.941
0.979
0.943
0.966
0.936
0.975
0.940
0.975
0.944
0.967
0.943
0.973
0.937
0.963
0.956
0.965
0.942
0.963
0.952
0.974
0.941
0.961
0.945
0.970
0.943
0.964
0.951
0.974
0.945
0.967
0.973
0.977
0.950
0.975
0.947
0.967
0.944
0.978
0.975
0.978
0.985
0.967
0.805
0.672
0.793
0.814
0.945
0.978
0.943
0.961
0.840
0.549
0.741
0.777
0.516
0.426
0.226
0.000
0.734
0.883
0.883
0.870
0.757
0.850
0.863
0.906
0.852
0.896
0.797
0.876
0.780
0.861
0.825
0.857
0.902
0.895
0.868
0.915
0.896
0.910
0.889
0.890
0.883
0.896
0.864
0.853
0.904
0.905
0.827
0.896
0.994
1.000
0.992
0.990
0.986
0.968
0.982
0.945
0.960
0.956
0.977
0.952
0.971
0.974
0.957
0.974
0.987
0.987
0.992
0.988
0.985
0.968
0.977
0.947
0.961
0.960
0.969
0.968
0.963
0.952
0.961
0.961
0.959
0.956
0.954
0.964
0.955
0.962
0.959
0.957
0.951
0.944
0.950
0.959
0.956
0.947
0.957
0.949
0.991
0.985
0.990
0.982
0.979
0.971
0.987
0.957
0.966
0.955
0.961
0.972
0.961
0.952
0.942
0.930
0.780
0.831
0.855
0.810
0.847
0.826
0.863
0.837
0.827
0.809
0.859
0.814
0.807
0.789
0.759
0.712
0.947
0.974
0.946
0.971
0.942
0.972
0.938
0.970
0.939
0.966
0.934
0.974
0.942
0.978
0.942
0.962
0.952
0.975
0.938
0.956
0.950
0.967
0.943
0.962
0.939
0.975
0.940
0.959
0.943
0.969
0.938
0.949
0.913
0.563
0.784
0.773
0.811
0.837
0.822
0.840
0.858
0.983
0.989
0.987
0.994
0.989
0.974
0.982
0.957
0.966
0.963
0.971
0.944
0.982
0.975
0.970
0.976
0.999
0.989
0.988
0.987
0.986
0.973
0.982
0.951
0.965
0.974
0.972
0.949
0.977
0.977
0.965
0.972
0.985
0.967
0.975
0.977
0.980
0.969
0.976
0.959
0.946
0.940
0.955
0.958
0.956
0.944
0.957
0.954
0.991
0.987
0.997
0.993
0.983
0.969
0.983
0.940
0.963
0.965
0.959
0.960
0.964
0.961
0.946
0.946
0.965
0.943
0.948
0.949
0.955
0.926
0.957
0.895
0.966
0.950
0.963
0.943
0.971
0.952
0.967
0.941
0.924
0.722
0.676
0.594
0.833
0.708
0.825
0.641
0.852
0.705
0.680
0.608
0.875
0.745
0.722
0.648
0.857
