0.372
0.650
0.836
1.091
1.231
1.393
1.533
1.811
1.974
2.229
2.392
2.508
2.670
2.833
2.972
3.111
3.390
3.506
3.646
3.692
3.808
4.087
4.249
4.667
4.807
4.946
5.364
5.666
5.805
5.944
6.084
6.525
6.943
7.245
7.500
7.663
8.081
8.359
8.406
8.661
8.824
9.218
9.381
9.520
9.799
9.961
10.217
10.379
10.542
10.658
11.099
11.378
11.517
11.819
12.260
12.771
12.980
13.398
13.677
13.978
14.118
14.396
14.512
14.814
15.232
15.650
16.068
16.254
16.370
16.765
17.229
17.392
17.508
17.949
18.669
19.064
19.667
20.248
20.666
20.921
23.684
24.102
24.242
24.404
24.776
25.240
25.356
25.519
25.797
25.913
25.960
26.355
26.517
26.657
26.796
26.935
27.098
27.353
27.655
27.794
28.073
28.212
28.537
28.816
28.955
29.350
29.768
29.814
59.397
106.974
118.677
131.077
131.518
131.657
131.820
132.075
132.238
132.656
132.818
132.957
133.375
133.422
133.793
134.095
134.374
134.536
134.931
135.094
135.233
135.512
135.651
135.697
136.069
136.231
136.371
136.649
136.812
137.207
137.369
137.532
137.973
138.368
138.670
