132
156
3
60
198
100
1
88
44
4
4
0
0
40
7
4
0
29
4
0
4
3
3
2
1
0
4
1
1
10
52
7
1
3
0
3
34
9
16
14
52
0
42
53
0
16
0
0
3
4
40
0
0
7
33
1
0
0
15
0
14
37
51
0
1
4
1
36
8
31
18
37
14
50
50
47
1
1
50
26
0
14
0
8
1
0
18
0
21
0
55
0
26
0
14
0
1
50
41
0
14
0
0
1
2
32
41
50
30
41
0
1
33
32
0
9
50
9
36
41
0
50
50
15
0
28
18
1
56
51
26
0
0
0
41
50
14
0
46
50
26
0
0
4
18
36
4
2
15
41
37
1
33
0
1
1
0
28
4
15
37
15
26
0
18
30
41
0
33
56
0
56
0
1
30
26
0
25
0
37
15
41
0
56
0
32
1
0
18
41
50
26
0
1
15
1
25
0
0
47
28
41
50
26
0
20
18
51
28
18
15
20
1
1
0
26
0
21
0
0
0
3
1
52
51
7
0
9
25
0
53
0
24
