0.372
0.882
1.370
1.881
2.368
2.879
3.367
3.878
4.365
4.876
5.364
5.875
6.362
6.873
7.361
7.872
8.382
8.870
9.381
9.868
10.379
10.867
11.378
11.865
12.376
12.864
13.375
13.862
14.373
14.884
15.372
15.882
16.370
16.881
17.369
17.879
18.367
18.878
19.365
19.876
20.364
20.875
21.362
21.873
22.361
22.872
23.382
23.870
24.381
24.869
25.379
25.867
26.378
26.865
27.376
27.864
28.375
28.862
29.373
29.861
30.372
30.883
31.370
31.881
32.369
32.879
33.367
33.878
34.366
34.876
35.364
35.875
36.362
36.873
37.361
37.872
38.383
38.870
39.381
39.869
40.380
40.867
41.378
41.866
42.376
42.864
43.375
43.862
44.373
44.861
45.372
45.883
46.370
46.881
47.369
47.880
48.367
48.878
49.366
49.876
50.364
50.875
51.363
51.873
52.361
52.872
53.383
53.870
54.381
54.869
55.380
55.867
56.378
56.866
57.377
57.864
58.375
58.863
59.373
59.861
60.372
60.883
61.370
61.881
62.369
62.880
63.367
63.878
64.366
64.877
65.364
65.875
66.363
66.873
67.361
67.872
68.383
68.870
69.381
69.869
70.380
70.867
71.378
71.866
72.377
72.864
73.375
73.863
74.374
74.861
75.372
75.883
76.370
76.881
77.369
77.880
78.367
78.878
79.366
79.877
80.364
80.875
81.363
81.874
82.361
82.872
83.383
83.870
84.381
84.869
85.380
85.867
86.378
86.866
87.377
87.864
88.375
88.863
89.374
89.861
90.372
90.883
91.371
91.881
92.369
92.880
93.367
93.878
94.366
94.877
95.364
95.875
96.363
96.874
97.361
97.872
98.383
98.871
99.381
99.869
100.380
100.867
101.378
101.866
102.377
102.864
103.375
103.863
104.374
104.861
105.372
105.883
106.371
106.881
107.369
107.880
108.368
108.878
109.366
109.877
110.364
110.875
111.363
111.874
112.361
112.872
113.383
113.871
114.381
114.869
115.380
115.868
116.378
116.866
117.377
117.864
118.375
118.863
119.374
119.861
120.372
120.883
121.371
121.882
122.369
122.880
123.368
123.878
124.366
124.877
125.365
125.875
126.363
126.874
127.361
127.872
128.360
128.871
129.382
129.869
130.380
130.868
131.379
131.866
132.377
132.865
133.375
133.863
134.374
134.861
135.372
135.860
136.371
136.882
137.369
137.880
138.368
138.879
139.366
139.877
