0.372
0.650
0.836
1.393
1.533
1.834
1.974
2.392
2.485
2.670
2.856
2.902
3.111
3.529
3.808
4.110
4.249
4.365
4.946
5.828
5.944
6.084
7.245
7.663
8.382
8.800
9.497
9.961
10.031
10.333
10.379
10.658
11.076
11.517
11.819
14.141
15.256
15.673
16.091
16.370
16.788
17.113
17.508
17.740
17.949
18.669
19.064
19.830
20.248
20.944
23.708
24.126
24.265
24.381
24.799
25.054
25.263
25.379
25.519
25.704
25.937
26.215
26.540
26.657
27.098
27.818
28.050
28.235
28.468
28.932
29.373
59.373
130.728
131.077
131.379
131.796
132.238
132.656
132.957
133.190
133.375
133.886
134.095
134.513
134.722
134.954
135.256
135.651
135.697
136.255
136.371
136.835
137.044
137.230
137.392
137.509
137.950
138.670
139.645
