0.325
0.673
1.045
1.416
1.788
2.159
2.531
2.926
3.297
3.646
4.017
4.389
4.760
5.132
5.503
5.875
6.246
6.618
6.989
7.361
7.732
8.104
8.475
8.847
9.195
9.567
9.938
10.310
10.681
11.053
11.424
11.796
12.121
12.446
12.817
13.189
13.560
13.932
14.280
14.629
14.977
15.325
15.697
16.068
16.440
16.811
17.183
17.554
17.903
18.274
18.646
19.017
19.389
19.760
20.132
20.503
20.875
21.246
21.618
21.989
22.361
22.732
23.104
23.475
23.847
24.218
24.590
24.961
25.310
25.681
26.053
26.424
26.796
27.167
27.539
27.910
28.282
28.653
29.025
29.396
29.768
30.116
30.511
30.883
31.254
31.626
31.997
32.369
32.717
33.088
33.483
33.924
34.296
34.667
35.062
35.503
35.875
36.246
36.618
36.989
37.361
37.732
38.104
38.452
38.824
39.195
39.567
39.938
40.310
40.681
41.053
41.424
41.796
42.167
42.539
42.910
43.282
43.654
44.025
44.397
44.768
45.140
45.511
45.883
46.254
46.626
46.974
47.345
47.717
48.089
48.483
48.855
49.226
49.575
49.946
50.318
50.689
51.061
51.432
51.804
52.175
52.547
52.918
53.267
53.568
53.894
54.219
54.567
54.938
55.310
55.681
56.053
56.424
56.796
57.168
57.539
57.911
58.282
58.654
59.025
59.397
59.768
60.116
60.488
60.883
61.254
61.626
61.974
62.369
62.740
63.089
63.460
63.832
64.203
64.575
64.946
65.318
65.689
66.061
66.432
66.804
67.175
67.547
67.918
68.290
68.661
69.033
69.404
69.776
70.194
70.589
70.960
71.355
71.773
72.168
72.539
72.911
73.282
73.654
74.025
74.397
74.768
75.140
75.511
75.883
76.254
76.626
76.974
77.346
77.717
78.089
78.460
78.832
79.203
79.575
79.946
80.318
80.689
81.061
81.432
81.781
82.152
82.547
82.918
83.290
83.661
84.033
84.381
84.753
85.101
85.449
85.798
86.123
86.448
86.796
87.168
87.539
87.911
88.282
88.654
89.025
89.397
89.768
90.140
90.511
90.883
91.254
91.626
91.974
92.346
92.717
93.089
93.484
93.832
94.203
94.575
94.946
95.318
95.689
96.061
96.432
96.804
97.176
97.547
97.919
98.290
98.662
99.033
99.405
99.776
100.148
100.519
100.891
101.262
101.611
101.982
102.354
102.725
103.097
103.468
103.840
104.211
104.583
104.954
105.349
105.744
106.138
106.533
106.905
107.346
107.717
108.089
108.460
108.832
109.203
109.575
109.946
110.318
110.690
111.061
111.433
111.804
112.152
112.524
112.895
113.267
113.638
114.010
114.381
114.753
115.125
115.496
115.868
116.239
116.611
116.982
117.354
117.725
118.097
118.468
118.840
119.211
119.583
119.954
120.326
120.767
121.231
121.626
121.974
122.346
122.717
123.089
123.460
123.832
124.204
124.575
124.947
125.318
125.690
126.061
126.433
126.804
127.176
127.547
127.919
128.290
128.662
129.033
129.405
129.776
130.148
130.519
130.891
131.262
131.611
131.982
132.354
132.725
133.097
133.468
133.840
134.211
134.583
134.954
135.326
135.697
136.069
136.440
136.812
137.160
137.532
137.903
138.275
138.646
139.018
139.389
139.761
140.132
140.504
140.875
141.247
141.619
141.990
142.362
142.733
143.105
143.476
143.848
144.219
144.591
144.962
145.310
145.682
146.054
146.425
146.797
147.168
147.540
147.911
148.283
148.654
149.026
149.397
149.769
150.140
150.512
150.883
151.255
151.626
151.998
152.369
152.741
153.112
153.461
153.832
154.204
154.575
154.947
155.318
155.690
156.061
156.433
156.804
157.176
157.617
158.035
158.453
158.824
159.196
159.568
159.939
160.311
160.659
161.007
161.355
161.704
162.075
162.447
162.818
163.190
163.538
163.863
164.212
164.560
164.955
165.326
165.698
166.046
166.441
166.812
167.253
167.625
167.996
168.368
168.739
169.111
169.459
169.784
170.133
170.504
170.876
171.247
171.619
171.990
172.362
172.733
173.105
173.476
173.848
174.219
174.591
174.962
175.334
175.705
176.054
176.425
176.797
177.168
177.540
177.911
178.283
178.654
179.049
179.467
179.862
180.233
180.674
181.046
181.418
181.789
182.161
182.532
182.904
183.275
183.647
184.018
184.390
184.761
185.133
185.504
185.876
186.247
186.619
186.990
187.362
187.733
188.105
188.476
188.848
189.219
189.591
189.939
190.311
190.682
191.054
191.425
191.797
192.168
192.610
193.074
193.469
193.840
194.212
194.583
194.955
195.326
195.675
196.046
196.418
196.789
197.161
197.532
197.904
198.275
198.647
199.018
199.390
199.761
200.133
200.504
200.876
201.247
201.619
201.990
202.362
202.733
203.105
203.476
203.848
204.220
204.568
204.963
205.334
205.706
206.054
206.425
206.797
207.168
207.540
207.911
208.283
208.655
209.026
209.398
209.769
210.141
210.512
210.884
211.255
211.627
211.998
212.370
212.741
213.113
213.484
213.856
214.204
214.576
214.947
215.319
215.690
216.062
216.433
216.805
217.176
217.548
217.919
218.291
218.662
219.034
219.405
219.777
220.148
220.497
220.868
221.240
221.611
221.983
222.354
222.726
223.097
223.469
223.840
224.212
224.583
224.955
225.326
225.698
226.069
226.441
226.789
227.161
227.556
227.927
228.275
228.647
229.018
229.390
229.761
230.133
230.504
230.876
231.248
231.665
232.060
232.478
232.896
233.268
233.639
234.011
234.382
234.754
235.125
235.497
235.868
236.240
236.611
236.983
237.354
237.726
238.097
238.469
238.840
239.212
239.583
239.955
240.303
240.582
240.884
241.255
241.627
241.998
