206
224
2
492
127
1
555
0
0
0
16
4
0
4
52
4
17
1
0
48
1
0
1
34
4
31
0
2
9
1
0
41
50
9
33
0
24
28
0
4
4
2
4
9
32
25
0
51
24
29
0
10
35
30
0
0
26
24
27
24
51
25
30
51
47
4
4
16
53
47
0
21
26
1
0
7
0
52
4
1
0
7
0
29
1
0
13
42
40
13
2
0
0
34
13
52
0
52
15
17
16
4
41
1
13
39
47
46
24
50
13
7
52
14
4
1
0
33
0
27
1
0
0
51
1
0
0
4
0
18
29
27
46
15
1
0
8
0
18
47
56
4
0
0
14
0
2
47
50
0
56
31
2
0
0
1
0
34
0
7
31
22
51
28
0
0
47
37
0
10
47
31
46
51
26
27
28
0
1
0
18
24
51
28
0
47
24
25
9
0
2
27
24
24
1
0
39
10
17
18
2
1
0
0
36
41
51
47
0
4
2
41
26
41
14
1
0
50
7
29
0
32
9
1
0
53
28
0
0
23
33
0
22
51
33
0
9
46
0
25
41
28
0
48
1
0
23
27
25
30
2
9
2
32
32
33
0
31
11
46
26
36
0
31
0
22
0
23
4
31
37
0
0
47
46
32
50
0
2
24
51
32
8
0
41
28
0
0
8
18
0
7
0
4
42
27
0
32
28
0
14
23
32
23
31
32
36
28
0
0
28
0
53
28
0
28
0
22
0
23
23
0
4
24
28
0
48
0
29
0
0
0
27
7
0
13
0
4
0
3
0
7
0
40
7
0
4
29
16
34
4
4
16
1
0
4
10
29
9
23
25
18
2
23
25
25
1
0
1
0
31
22
0
10
1
0
11
4
23
51
1
0
9
23
56
0
0
32
25
24
28
0
0
30
33
0
21
28
0
14
31
32
46
0
23
0
11
0
0
25
51
51
27
51
24
1
0
28
0
56
27
14
4
30
14
37
0
26
15
13
34
35
3
3
17
0
1
0
