6.200
6.594
6.966
7.152
7.338
7.523
7.709
8.081
8.452
8.638
8.986
9.172
9.543
9.729
9.938
10.147
10.286
10.495
10.658
10.844
11.053
11.238
11.424
11.610
11.842
11.981
12.701
13.003
13.630
14.025
14.396
15.093
15.464
15.836
16.208
16.579
16.927
17.299
17.670
18.065
18.413
18.785
19.017
19.156
19.389
19.528
19.900
20.271
20.643
20.852
21.037
21.386
21.757
22.105
22.500
22.848
23.243
23.615
23.986
24.358
24.729
25.101
25.310
25.496
25.844
26.053
26.239
26.424
26.610
26.703
26.958
27.307
27.678
28.050
28.421
28.793
29.164
29.513
29.907
30.209
30.279
30.511
30.650
30.999
31.417
31.742
32.113
32.485
32.879
33.228
33.622
33.948
33.994
34.366
34.714
35.109
35.387
35.503
35.875
36.200
36.571
36.943
37.314
37.523
37.686
37.895
38.081
38.383
38.731
50.643
51.061
51.223
51.409
51.757
52.152
52.315
52.547
52.686
52.872
53.243
53.615
54.149
54.335
54.729
54.962
55.263
55.635
55.844
56.030
56.216
56.424
56.587
56.959
57.121
57.330
57.678
58.073
58.236
58.607
58.793
59.025
59.188
59.373
59.536
59.931
60.093
60.279
60.651
61.068
61.208
61.533
61.603
61.765
62.113
62.508
62.856
63.228
63.599
63.971
64.319
64.714
65.086
65.457
65.805
66.200
66.572
66.943
67.291
67.686
67.965
68.081
68.452
68.778
69.149
69.521
69.892
70.264
70.635
71.007
71.401
71.750
72.121
72.493
72.864
73.236
73.607
73.793
74.002
74.188
74.397
74.722
75.093
75.465
75.836
76.208
76.579
76.951
77.137
77.322
77.671
78.042
78.437
78.785
79.180
79.528
79.923
80.109
80.271
80.643
81.014
81.386
81.757
82.129
82.524
82.895
83.104
83.197
84.730
85.287
85.844
86.100
86.564
86.959
87.307
87.702
88.050
88.445
88.816
89.188
89.536
89.908
90.140
90.279
90.651
91.022
91.394
91.603
91.696
91.788
91.974
92.160
92.485
92.880
93.251
93.623
93.994
94.366
94.668
94.761
94.946
95.132
95.434
95.852
96.200
96.572
96.804
96.943
97.315
97.547
97.826
98.081
98.429
98.801
99.010
99.172
99.544
99.892
100.287
100.635
100.867
101.053
101.378
101.796
101.982
102.145
102.516
102.888
103.259
103.445
103.654
103.840
104.002
104.350
104.722
105.117
105.488
105.837
106.231
106.580
106.789
106.974
107.299
107.694
108.066
108.739
109.877
110.248
110.643
110.991
111.386
111.758
112.106
112.501
112.872
113.220
113.592
113.964
114.335
114.707
115.078
115.450
115.821
116.193
116.564
116.936
117.307
117.679
118.050
118.422
118.793
119.142
119.536
119.908
120.117
121.742
122.114
122.508
122.880
123.228
123.600
123.995
124.343
124.738
125.086
125.457
125.829
126.061
126.224
126.572
126.781
126.943
127.315
127.687
128.035
128.430
128.801
129.173
129.521
129.892
130.264
130.635
131.007
131.332
131.402
131.587
131.773
131.959
132.145
132.331
132.493
132.725
133.631
133.840
133.979
134.374
134.699
135.117
135.326
135.465
135.697
135.837
136.185
136.580
136.928
137.323
137.671
138.066
138.414
138.646
138.809
138.995
139.180
139.552
139.761
139.900
140.295
140.643
141.038
141.386
141.758
141.990
142.106
142.524
142.872
143.244
143.592
144.010
144.335
144.753
144.939
145.101
145.310
145.473
145.821
146.216
146.564
146.959
147.307
147.679
148.050
148.422
148.793
149.165
149.397
149.537
149.908
150.280
150.651
151.023
151.255
151.394
151.626
151.766
152.137
152.485
152.741
152.880
153.228
153.623
153.972
154.343
154.506
154.715
155.086
155.458
155.829
156.201
156.572
156.944
157.129
157.315
157.594
157.849
158.151
158.407
158.616
158.987
159.196
159.568
159.893
160.264
160.311
160.636
161.007
161.379
161.750
162.145
162.516
162.842
163.236
163.608
164.003
164.351
164.746
165.094
165.465
165.814
166.232
166.580
166.951
167.300
167.695
168.043
168.391
168.438
168.786
169.157
169.506
169.900
170.249
170.295
170.667
170.992
171.386
171.781
171.897
172.501
172.849
173.221
173.592
173.964
174.335
174.730
175.078
175.450
175.845
176.054
176.193
176.565
176.936
177.656
178.051
178.283
178.422
178.770
179.165
179.537
179.908
180.280
180.651
181.023
181.394
181.766
182.137
182.323
182.532
182.695
182.904
183.089
183.275
183.461
183.809
195.837
196.185
196.557
196.928
197.323
197.671
198.043
198.415
198.647
198.809
199.158
199.529
199.901
200.272
200.644
201.015
201.247
201.410
201.596
201.781
202.130
202.501
202.873
203.244
203.593
203.987
204.336
204.730
205.079
205.473
205.822
206.216
206.565
206.959
207.168
207.331
207.726
208.051
208.422
208.794
209.165
209.514
209.908
210.280
210.675
211.000
211.394
211.743
212.138
212.486
212.857
213.275
213.600
213.949
214.343
214.715
215.110
215.458
215.829
216.201
216.247
216.433
216.596
216.921
217.316
217.664
218.059
218.407
218.802
219.173
219.568
219.893
220.264
220.636
221.008
221.379
221.751
222.122
222.494
222.842
223.237
223.446
223.585
223.980
224.328
224.723
224.955
225.117
225.303
225.489
225.814
226.209
226.557
226.952
227.300
227.672
228.066
228.438
228.786
229.158
229.529
229.901
230.272
230.644
230.853
231.039
231.248
231.387
231.735
232.107
232.478
232.850
233.221
233.593
233.964
234.336
234.707
235.079
235.450
235.822
236.193
236.565
236.936
237.122
