0.000
0.484
0.553
0.594
0.586
0.639
0.660
0.569
0.561
0.626
0.617
0.595
0.652
0.574
0.698
0.663
0.924
0.867
0.783
0.833
0.874
0.812
0.810
0.751
0.911
0.784
0.862
0.846
0.887
0.943
0.898
0.883
0.875
0.924
0.896
0.953
0.926
0.936
0.937
0.875
0.853
0.874
0.825
0.846
0.852
0.812
0.884
0.828
0.826
0.831
0.847
0.855
0.913
0.834
0.839
0.830
0.922
0.866
0.859
0.849
0.818
0.814
0.786
0.783
0.796
0.799
0.801
0.786
0.926
0.840
0.932
0.921
0.968
0.846
0.870
0.856
0.835
0.831
0.853
0.829
0.816
0.886
0.818
0.772
0.922
0.819
0.804
0.793
0.933
0.839
0.855
0.812
0.784
0.851
0.878
0.880
0.931
0.868
0.920
0.824
0.892
0.921
0.907
0.814
0.924
0.756
0.720
0.716
0.543
0.517
0.727
0.597
0.607
0.594
0.661
0.673
0.627
0.651
0.708
0.738
0.684
0.726
0.802
0.672
0.694
0.644
0.715
0.704
0.644
0.648
0.641
0.710
0.643
0.720
0.793
0.804
0.979
0.726
0.678
0.981
0.735
0.756
0.666
0.939
0.764
0.648
0.961
0.726
0.802
0.984
0.955
0.943
0.912
0.829
0.990
0.812
0.833
0.973
0.950
0.725
0.651
0.708
0.959
0.716
0.770
0.965
1.000
0.690
0.810
0.834
0.855
0.837
0.863
0.855
0.888
0.823
0.883
0.855
0.854
0.805
0.862
0.849
0.858
0.823
0.906
0.791
0.775
0.799
0.843
0.849
0.818
0.821
0.927
0.885
0.988
0.924
0.947
0.895
0.974
0.930
0.920
0.976
0.962
0.949
0.974
0.995
0.962
0.961
0.911
0.961
0.946
0.990
0.979
0.947
0.975
0.906
0.916
0.991
0.966
0.977
0.890
0.946
0.969
0.946
0.718
0.756
0.781
0.804
0.955
0.763
0.891
0.776
0.825
0.847
0.867
0.878
0.865
0.849
0.850
0.828
0.941
0.834
0.910
0.842
0.903
0.811
0.778
0.836
0.903
0.864
0.877
0.870
0.861
0.889
0.839
0.858
0.919
0.858
0.841
0.832
0.875
0.851
0.791
0.877
0.929
0.793
0.810
0.825
0.818
0.789
0.800
0.790
0.920
0.796
0.851
0.867
0.891
0.853
0.833
0.954
0.916
0.849
0.835
0.821
0.833
0.879
0.825
0.837
0.957
0.902
0.997
0.857
0.634
0.600
0.610
0.634
0.935
0.965
0.928
0.965
0.986
0.971
0.916
0.881
0.971
0.932
0.881
0.909
0.949
0.902
0.902
0.923
0.923
0.933
0.902
0.935
0.929
0.940
0.967
0.923
0.982
0.962
0.928
0.967
0.846
0.683
0.652
0.795
0.870
0.865
0.861
0.872
0.846
0.880
0.864
0.887
0.898
0.870
0.879
0.915
0.883
0.925
0.826
0.834
0.809
0.877
0.865
0.814
0.856
0.861
0.840
0.916
0.879
0.844
0.914
0.877
0.920
0.916
0.857
0.881
0.896
0.827
0.865
0.857
0.876
0.803
0.844
0.863
0.866
0.880
0.839
0.928
0.852
0.876
0.876
0.841
0.886
0.821
0.893
0.835
0.803
0.832
0.845
0.849
0.866
0.840
0.852
0.864
0.866
0.926
0.867
0.957
0.913
0.874
0.895
0.856
0.921
0.838
0.857
0.877
0.858
0.841
0.859
0.843
0.863
0.901
0.799
0.854
0.904
0.848
0.835
0.852
0.851
0.863
0.952
0.851
0.879
0.893
0.878
0.826
0.849
0.892
0.868
0.914
0.914
0.897
0.934
0.851
0.883
0.852
0.944
0.942
0.852
0.910
0.859
0.834
0.778
0.844
0.765
0.797
0.847
0.778
0.819
0.897
0.820
0.816
0.787
0.908
0.816
0.809
0.798
0.827
0.814
0.813
0.829
0.828
0.803
0.824
0.819
0.920
0.815
0.834
0.917
0.957
0.813
0.860
0.821
0.888
0.862
0.928
0.895
0.830
0.805
0.801
0.864
0.857
0.879
0.812
0.795
0.839
0.832
0.846
0.838
0.840
0.848
0.835
0.890
0.780
0.795
0.752
0.786
0.679
0.769
0.844
0.748
0.781
0.663
0.668
0.714
0.402
0.459
0.730
0.579
0.612
0.594
0.661
0.690
0.632
0.650
0.713
0.742
0.670
0.712
0.794
0.679
0.706
0.623
0.722
0.587
0.640
0.695
0.677
0.813
0.629
0.618
0.626
0.633
0.873
0.893
0.864
0.844
0.854
0.861
0.863
0.913
0.882
0.857
0.855
0.896
0.832
0.853
0.851
0.919
0.846
0.826
0.822
0.853
0.839
0.854
0.826
0.920
0.794
0.787
0.729
0.902
0.861
0.857
0.859
0.824
0.856
0.862
0.848
0.850
0.848
0.819
0.820
0.888
0.801
0.856
0.920
0.849
0.794
0.812
0.868
0.912
0.847
0.885
0.892
0.858
0.839
0.834
0.826
0.917
0.825
0.845
0.817
0.819
0.805
0.819
0.843
0.934
0.838
0.831
0.875
0.865
0.860
0.883
0.906
0.909
0.873
0.839
0.906
0.862
0.868
0.793
0.842
0.900
0.843
0.833
0.886
0.882
0.856
0.829
0.832
0.864
0.864
0.809
0.840
0.858
0.852
0.845
0.931
0.903
0.839
0.811
0.870
0.969
0.898
0.896
0.929
0.911
0.923
0.977
0.971
0.926
0.912
0.981
0.972
0.772
0.662
0.538
0.705
0.674
0.573
0.593
0.588
0.602
0.605
0.721
0.752
0.718
0.736
