13.096
13.235
13.700
14.141
14.303
14.443
15.348
15.488
15.650
15.952
16.115
17.740
17.903
18.042
18.204
18.947
19.087
19.249
20.132
20.294
20.434
20.898
21.641
22.848
23.731
24.056
25.170
27.492
27.655
28.700
29.884
30.047
30.348
31.858
32.299
32.461
32.601
33.646
34.853
35.619
47.508
48.646
83.174
118.840
119.281
119.443
120.047
120.651
120.953
121.092
121.255
121.719
121.858
122.160
122.300
122.439
122.903
123.043
123.368
123.507
123.646
124.111
124.250
124.714
124.854
125.318
125.457
125.736
125.899
126.038
126.363
126.502
126.642
126.967
127.106
127.245
127.710
127.849
128.151
128.290
128.453
128.755
128.917
129.057
129.637
130.241
130.543
130.705
130.844
131.007
131.309
131.448
131.750
131.913
132.052
132.516
132.656
132.957
133.097
133.259
133.561
133.700
133.840
134.444
134.908
135.047
135.349
135.488
135.651
135.814
135.953
136.092
136.255
136.557
136.696
136.835
137.160
137.300
137.439
137.741
137.903
138.043
