0.417
0.538
0.037
0.039
0.126
0.602
0.399
0.084
0.420
0.295
0.290
0.812
0.066
0.112
0.429
0.080
0.510
0.649
0.690
0.111
0.375
0.266
0.436
0.798
0.487
0.068
0.396
0.313
0.450
0.660
0.509
0.078
0.423
0.292
0.256
0.796
0.241
0.086
0.424
0.359
0.526
0.607
0.617
0.714
0.707
0.490
0.337
0.809
0.541
0.053
0.377
0.014
0.490
0.831
0.594
0.056
0.392
0.299
0.205
0.868
0.393
0.071
0.686
0.255
0.520
0.584
0.365
0.142
0.405
0.245
0.242
0.811
0.120
0.017
0.453
0.086
0.440
0.627
0.673
0.561
0.673
0.498
0.844
0.834
0.507
0.256
0.384
0.348
0.477
0.647
0.505
0.055
0.403
0.315
0.240
0.796
0.208
0.000
0.419
0.187
0.505
0.645
0.240
0.075
0.445
0.291
0.173
0.820
0.566
0.416
0.375
0.370
0.463
0.664
0.588
0.025
0.413
0.362
0.228
0.830
0.606
0.697
0.435
0.292
0.497
0.591
0.377
0.080
0.424
0.300
0.638
0.799
0.086
0.119
0.450
0.119
0.460
0.628
0.692
0.583
0.388
0.291
0.173
0.799
0.484
0.071
0.395
0.312
0.464
0.681
0.498
0.056
0.402
0.329
0.272
0.772
0.507
0.474
0.416
0.777
0.544
0.626
0.290
0.048
0.433
0.282
0.172
0.809
0.507
0.004
0.357
0.011
0.480
0.646
0.607
0.031
0.391
0.309
0.204
0.817
0.403
0.047
0.379
0.299
0.492
0.615
0.397
0.342
0.409
0.292
0.294
0.811
0.093
0.015
0.670
0.131
0.599
1.000
0.671
0.410
0.368
0.328
0.199
0.810
0.482
0.065
0.398
0.420
0.440
0.677
0.517
0.013
0.378
0.291
0.408
0.790
0.609
0.083
0.454
0.201
0.522
0.621
0.283
0.092
0.433
0.275
0.179
0.795
0.519
0.021
0.372
0.391
0.446
0.843
0.568
0.834
0.720
0.409
0.248
0.847
0.428
0.058
0.406
0.237
0.527
0.571
0.432
0.068
0.411
0.292
0.298
0.777
0.121
0.003
0.451
0.102
0.516
0.657
0.686
0.117
0.365
0.258
0.189
0.825
0.490
0.032
0.391
0.309
0.531
0.668
0.524
0.045
0.686
0.672
0.896
0.780
0.364
0.192
0.407
0.176
0.519
0.599
0.255
0.092
0.456
0.266
0.298
0.777
0.542
0.035
0.389
0.182
0.485
0.643
0.616
0.057
0.398
0.272
0.203
0.861
0.428
0.657
0.417
0.229
0.493
0.615
0.414
0.107
0.398
0.350
0.765
0.823
0.438
0.719
0.476
0.139
0.558
0.625
0.679
0.040
0.362
0.268
0.200
0.812
0.481
0.045
0.379
0.315
0.492
0.633
0.554
0.151
0.381
0.296
0.248
0.760
0.249
0.071
0.407
0.183
0.499
0.590
0.294
0.106
0.442
0.257
0.336
0.805
0.552
0.644
0.298
0.748
0.489
0.625
0.589
0.041
0.366
0.310
0.234
0.811
0.395
0.074
0.409
0.272
0.549
0.596
0.394
0.099
0.417
0.264
0.299
0.826
0.097
0.005
0.440
0.117
0.543
0.623
0.681
0.440
0.370
0.264
0.167
0.819
0.543
0.576
0.354
0.373
0.460
0.953
0.573
0.374
0.417
0.310
0.260
0.789
0.296
0.068
0.406
0.192
0.516
0.592
0.281
0.131
0.439
0.311
0.672
0.832
0.533
0.015
0.385
0.050
0.504
0.644
0.627
0.052
0.399
0.285
0.233
0.818
0.404
0.051
0.377
0.478
0.495
0.607
0.402
0.602
0.753
0.484
0.343
0.788
0.159
0.036
0.439
0.105
0.532
0.799
0.700
0.001
0.347
0.299
0.205
0.830
0.483
0.025
0.714
0.355
0.470
0.672
0.561
0.066
0.397
0.304
0.250
0.756
0.303
0.095
0.392
0.150
0.528
0.619
0.308
0.566
0.845
0.454
0.845
0.780
0.571
0.177
0.353
0.018
0.487
0.633
0.616
0.018
0.380
0.254
0.228
0.829
0.435
0.085
0.406
0.282
0.514
0.581
0.420
0.063
0.416
0.325
0.241
0.825
0.126
0.088
0.468
0.108
0.540
0.625
0.704
0.060
0.398
0.270
0.525
0.806
0.754
0.734
0.413
0.268
0.527
0.625
0.551
0.069
0.380
0.305
0.588
0.759
0.270
0.105
0.408
0.176
0.544
0.594
0.292
0.578
0.418
0.274
0.270
0.812
0.542
0.034
0.358
0.331
0.533
0.673
0.626
0.074
0.379
0.367
0.230
0.817
0.407
0.590
0.802
0.726
0.487
0.594
0.458
0.016
0.412
0.305
0.275
0.786
0.132
0.096
0.423
0.093
0.485
0.614
0.708
0.017
0.364
0.279
0.193
0.801
0.492
0.051
0.397
0.347
0.455
0.626
0.538
0.071
0.381
0.301
0.240
0.725
0.328
0.096
0.390
0.455
0.658
0.987
0.550
0.376
0.422
0.283
0.302
0.782
0.551
0.028
0.359
0.371
0.506
0.650
0.619
0.050
0.399
0.313
0.445
0.795
0.631
0.038
0.383
0.280
0.499
0.610
0.427
0.060
0.428
0.268
0.276
0.806
0.124
0.107
0.407
0.356
0.613
0.818
0.903
0.651
0.790
0.528
0.332
0.875
0.511
0.065
0.383
0.349
0.506
0.643
0.532
0.032
0.399
0.323
0.275
0.777
0.303
0.110
0.427
0.202
0.494
0.631
0.355
0.003
0.443
0.269
0.309
0.766
0.581
0.116
0.375
0.323
0.493
0.658
0.598
0.108
0.698
0.348
0.866
0.828
0.427
0.262
0.372
0.296
0.539
0.594
0.410
0.112
0.411
0.308
0.260
0.776
0.160
0.102
0.427
0.242
0.534
0.641
0.719
0.001
0.345
0.320
0.214
0.829
0.476
0.660
0.379
0.298
0.459
0.672
0.519
0.049
0.368
0.338
0.592
0.619
0.583
0.717
0.468
0.231
0.542
0.594
0.294
0.014
0.439
0.272
0.290
0.832
0.575
0.036
0.335
0.191
0.477
0.653
0.649
0.164
0.408
0.312
0.220
0.804
0.380
0.088
0.405
0.287
0.529
0.597
0.493
0.082
0.411
0.283
0.260
0.790
0.153
0.341
0.618
0.820
0.588
0.445
0.298
0.063
