0.384
0.420
0.441
0.448
0.390
0.445
0.388
0.487
0.366
0.501
0.408
0.456
0.375
0.487
0.376
0.511
0.404
0.434
0.360
0.479
0.367
0.523
0.373
0.391
0.359
0.467
0.378
0.514
0.384
0.558
0.422
0.461
0.369
0.487
0.388
0.557
0.747
0.594
0.371
0.501
0.392
0.524
0.427
0.442
0.441
0.502
0.388
0.543
0.402
0.431
0.357
0.486
0.383
0.551
0.403
0.463
0.356
0.466
0.386
0.504
0.400
0.455
0.358
0.490
0.380
0.524
0.529
0.233
0.566
0.490
0.377
0.504
0.403
0.556
0.408
0.478
0.380
0.520
0.395
0.553
0.432
0.475
0.370
0.514
0.395
0.545
0.410
0.462
0.378
0.516
0.392
0.547
0.399
0.453
0.365
0.501
0.376
0.541
0.397
0.581
0.746
0.504
0.399
0.549
0.406
0.454
0.366
0.486
0.477
0.521
0.408
0.453
0.365
0.496
0.372
0.531
0.395
0.443
0.375
0.485
0.368
0.514
0.418
0.533
0.404
0.470
0.371
0.518
0.402
0.562
0.536
0.479
0.594
0.507
0.409
0.554
0.388
0.446
0.373
0.511
0.404
0.542
0.414
0.464
0.370
0.501
0.383
0.537
0.381
0.439
0.331
0.505
0.382
0.539
0.412
0.447
0.366
0.490
0.374
0.543
0.407
0.452
0.406
0.629
0.810
0.536
0.413
0.559
0.366
0.492
0.370
0.514
0.508
0.408
0.369
0.472
0.379
0.515
0.395
0.550
0.392
0.472
0.363
0.507
0.387
0.528
0.397
0.447
0.371
0.506
0.390
0.519
0.396
0.456
0.455
0.248
0.800
0.545
0.377
0.436
0.356
0.498
0.389
0.545
0.412
0.447
0.377
0.485
0.382
0.537
0.369
0.450
0.402
0.494
0.376
0.516
0.412
0.430
0.383
0.479
0.364
0.501
0.362
0.436
0.361
0.476
0.371
0.535
0.683
0.564
0.404
0.467
0.373
0.517
0.372
0.527
0.549
0.453
0.382
0.498
0.387
0.566
0.399
0.459
0.390
0.477
0.385
0.540
0.380
0.446
0.348
0.505
0.384
0.558
0.437
0.433
0.363
0.487
0.391
0.416
0.717
0.558
0.399
0.496
0.380
0.527
0.421
0.438
0.363
0.482
0.371
0.491
0.402
0.427
0.351
0.490
0.361
0.505
0.400
0.418
0.386
0.473
0.374
0.499
0.399
0.567
0.388
0.473
0.364
0.508
0.383
0.547
0.753
0.617
0.363
0.484
0.397
0.529
0.377
0.441
0.425
0.496
0.399
0.514
0.405
0.448
0.360
0.500
0.378
0.534
0.386
0.453
0.359
0.491
0.380
0.531
0.401
0.454
0.374
0.463
0.359
0.497
0.517
0.232
0.722
0.482
0.398
0.533
0.393
0.567
0.416
0.475
0.393
0.504
0.397
0.534
0.407
0.472
0.361
0.521
0.403
0.550
0.396
0.468
0.366
0.483
0.402
0.530
0.390
0.426
0.351
0.503
0.380
0.547
0.396
0.589
0.626
0.474
0.412
0.551
0.391
0.457
0.375
0.491
0.472
0.536
0.397
0.445
0.357
0.492
0.386
0.514
0.385
0.436
0.366
0.482
0.365
0.523
0.395
0.555
0.413
0.470
0.390
0.482
0.365
0.545
0.497
0.482
0.756
0.510
0.397
0.556
0.420
0.471
0.379
0.505
0.405
0.554
0.392
0.451
0.344
0.497
0.389
0.537
0.396
0.457
0.366
0.486
0.379
0.532
0.406
0.441
0.373
0.490
0.398
0.542
0.408
0.444
0.391
0.615
0.793
0.529
0.388
0.544
0.361
0.479
0.385
0.527
0.500
0.420
0.384
0.467
0.375
0.501
0.384
0.554
0.386
0.466
0.375
0.514
0.390
0.541
0.411
0.477
0.371
0.478
0.386
0.525
0.424
0.475
0.484
0.258
0.806
0.550
0.418
0.446
0.357
0.475
0.396
0.550
0.380
0.435
0.376
0.493
0.382
0.528
0.389
0.453
0.399
0.487
0.366
0.513
0.384
0.442
0.363
0.491
0.380
0.529
0.402
0.429
0.359
0.472
0.369
0.531
0.681
0.571
0.424
0.475
0.380
0.511
0.391
0.569
0.535
0.471
0.402
0.480
0.374
0.523
0.387
0.467
0.386
0.495
0.399
0.546
0.403
0.459
0.375
0.484
0.375
0.541
0.390
0.398
0.367
0.485
0.409
0.430
0.523
0.576
0.405
0.493
0.385
0.538
0.382
0.447
0.366
0.485
0.374
0.512
0.411
0.429
0.355
0.482
0.379
0.520
0.376
0.412
0.351
0.467
0.385
0.502
0.394
0.566
0.415
0.460
0.362
0.508
0.372
0.524
0.715
0.595
0.366
0.517
0.409
0.509
0.422
0.452
0.449
0.497
0.407
0.535
0.393
0.440
0.349
0.498
0.383
0.538
0.404
0.459
0.350
0.464
0.385
0.504
0.393
0.457
0.357
0.473
0.370
0.507
0.497
0.234
0.761
0.492
0.379
0.504
0.391
0.564
0.408
0.487
0.401
0.520
0.406
0.554
0.409
0.476
0.366
0.519
0.384
0.562
0.396
0.450
0.385
0.507
0.390
0.545
0.397
0.449
0.390
0.499
0.384
0.545
0.395
