0.000
0.000
0.000
0.000
0.113
0.000
0.190
0.000
0.421
0.109
0.987
0.070
0.000
0.300
0.063
0.599
0.445
0.000
0.181
0.000
0.422
0.000
0.959
0.098
0.000
0.330
0.000
0.604
0.389
0.000
0.169
0.000
0.453
0.008
0.987
0.065
0.000
0.269
0.000
0.595
0.570
0.403
0.203
0.669
0.484
0.023
0.938
0.085
0.000
0.311
0.000
0.609
0.470
0.257
0.165
0.000
0.434
0.000
0.953
0.134
0.000
0.762
0.081
0.593
0.538
0.000
0.183
0.000
0.466
0.000
0.990
0.727
0.412
0.286
0.000
0.599
0.326
0.000
0.809
0.172
0.417
0.749
0.956
0.092
0.000
0.328
0.000
0.605
0.499
0.000
0.175
0.000
0.450
0.008
0.983
0.067
0.000
0.856
0.092
0.808
0.559
0.000
0.199
0.000
0.478
0.000
0.938
0.082
0.000
0.307
0.176
0.604
0.349
0.000
0.163
0.000
0.434
0.197
0.968
0.144
0.000
0.261
0.000
0.589
0.457
0.000
0.186
0.000
0.466
0.009
0.992
0.071
0.000
0.289
0.032
0.598
0.448
0.000
0.507
0.000
0.417
0.000
0.937
0.135
0.000
0.333
0.000
0.606
0.481
0.683
0.171
0.000
0.452
0.010
0.980
0.721
0.605
0.514
0.827
0.702
0.585
0.000
0.194
0.000
0.479
0.021
0.937
0.081
0.000
0.292
0.023
0.604
0.478
0.000
0.189
0.000
0.428
0.000
0.968
0.112
0.000
0.271
0.000
0.588
0.450
0.000
0.200
0.000
0.464
0.011
0.983
0.071
0.000
0.899
0.148
0.715
0.462
0.732
0.162
0.000
0.419
0.000
0.939
0.136
0.000
0.324
0.000
0.614
0.407
0.000
0.172
0.000
0.449
0.000
0.981
0.370
0.000
0.271
0.000
0.595
0.568
0.000
0.197
0.000
0.480
0.354
0.944
0.081
0.000
0.298
0.018
0.603
0.490
0.766
0.603
0.599
0.430
0.048
0.973
0.109
0.000
0.273
0.000
0.593
0.527
0.000
0.186
0.000
0.416
0.096
0.990
0.369
0.000
0.531
0.000
0.594
0.595
0.000
0.163
0.000
0.417
0.000
0.955
0.656
0.000
0.337
0.000
0.604
0.496
0.000
0.610
0.920
0.450
0.056
0.982
0.067
0.000
0.272
0.000
0.593
0.562
0.000
0.202
0.718
0.482
0.000
0.994
0.077
0.000
0.306
0.000
0.603
0.488
0.000
0.163
0.000
0.407
0.124
0.968
0.107
0.000
0.348
0.254
0.578
0.448
0.000
0.181
0.000
0.467
0.763
0.974
0.228
0.629
0.426
0.070
0.598
0.596
0.000
0.167
0.000
0.402
0.103
0.955
0.092
0.000
0.330
0.000
0.614
0.505
0.000
0.172
0.000
0.446
0.022
0.981
0.066
0.000
0.288
0.045
0.594
0.489
0.642
0.195
0.000
0.477
0.000
0.992
0.414
0.572
0.318
0.803
0.608
0.480
0.000
0.163
0.000
0.431
0.000
0.964
0.106
0.430
0.356
0.000
0.585
0.532
0.000
0.181
0.000
0.467
0.153
0.989
0.069
0.000
0.279
0.000
0.597
0.600
0.000
0.860
0.180
0.416
0.000
0.953
0.091
0.000
0.326
0.226
0.612
0.879
0.369
0.180
0.000
0.408
0.000
0.977
0.067
0.000
0.270
0.000
0.592
0.554
0.000
0.197
0.000
0.478
0.195
0.993
0.245
0.003
0.296
0.010
0.604
0.459
0.000
0.163
0.000
0.401
0.303
0.967
0.108
0.000
0.347
0.000
0.586
0.518
0.391
0.258
0.000
0.460
0.000
0.972
0.124
0.000
0.285
0.000
0.592
0.591
0.249
0.166
0.000
0.415
0.000
0.954
0.092
0.000
0.796
0.056
0.606
0.485
0.000
0.171
0.000
0.407
0.089
0.980
0.719
0.543
0.269
0.000
0.589
0.570
0.000
0.528
0.148
0.533
0.619
1.000
0.317
0.000
0.306
0.000
0.597
0.470
0.000
0.167
0.000
0.433
0.000
0.970
0.105
0.000
0.349
0.000
0.590
0.538
0.000
0.183
0.000
0.465
0.000
0.988
0.068
0.000
0.281
0.000
0.586
0.585
0.000
0.166
0.000
0.414
0.238
0.950
0.232
0.757
0.321
0.000
0.603
0.488
0.000
0.170
0.000
0.448
0.020
0.980
0.064
0.000
0.286
0.047
0.595
0.558
0.000
0.538
0.000
0.481
0.000
0.991
0.079
0.000
0.297
0.000
0.599
0.613
0.672
0.165
0.000
0.431
0.000
0.950
0.757
0.709
0.976
0.599
0.578
0.555
0.000
0.184
0.000
0.462
0.000
0.986
0.070
0.000
0.280
0.000
0.600
0.545
0.000
0.563
0.013
0.705
0.143
0.948
0.091
0.000
0.320
0.000
0.603
0.377
0.000
0.621
0.099
0.448
0.002
0.980
0.064
0.000
0.874
0.128
0.583
0.557
0.000
0.194
0.000
0.428
0.116
0.991
0.077
0.000
0.297
0.000
0.605
0.451
0.000
0.184
0.000
0.430
0.000
0.965
0.382
0.000
0.349
0.000
0.586
0.422
0.000
0.180
0.000
0.463
0.357
0.987
0.070
0.000
0.295
0.063
0.601
0.552
0.739
0.639
0.773
0.512
0.144
0.951
0.088
0.000
0.328
0.000
0.599
0.486
0.000
0.169
0.000
0.443
0.020
0.961
0.108
0.000
0.266
0.000
0.594
0.537
0.000
0.194
0.000
0.477
0.000
0.975
0.130
0.731
0.299
0.000
0.604
0.459
0.000
0.595
0.956
0.421
0.401
0.945
0.111
0.000
0.353
0.000
0.584
0.519
0.000
0.200
0.697
0.461
0.000
0.969
0.119
0.000
0.278
0.000
0.599
0.592
0.000
0.169
0.000
0.410
0.000
0.947
0.093
0.000
0.295
0.244
0.591
0.478
0.000
0.168
0.000
0.441
0.332
0.973
0.414
0.452
0.287
0.094
0.594
0.527
0.000
0.193
0.000
0.474
0.000
0.990
0.078
0.000
0.293
0.000
0.601
0.463
0.000
0.352
0.000
0.403
0.125
0.965
0.105
0.000
0.292
0.000
0.589
0.570
0.000
0.180
0.000
0.413
0.105
0.985
0.400
0.615
0.449
0.000
0.639
0.088
0.000
0.000
0.000
0.000
0.000
0.000
0.000
0.000
0.000
0.000
