20.155
20.434
20.735
21.060
21.362
21.641
21.943
22.221
22.547
22.848
23.150
23.452
23.754
24.033
24.335
24.636
24.938
25.194
25.519
25.565
25.821
26.122
26.424
26.749
27.028
27.353
27.632
27.934
28.235
28.537
28.839
29.141
29.420
29.722
30.023
30.325
30.511
30.650
30.813
30.952
31.092
31.254
31.533
31.858
31.997
32.160
32.299
32.438
32.740
33.042
33.205
33.344
33.506
33.646
33.924
34.249
34.551
34.714
34.853
35.132
35.434
35.619
35.736
36.037
36.339
36.641
36.804
36.920
37.245
37.523
37.709
37.849
38.011
38.127
38.429
38.731
39.033
39.335
39.636
39.938
40.101
40.240
40.403
40.565
40.844
41.006
41.146
41.308
41.471
41.587
41.726
41.912
42.051
42.214
42.353
42.493
42.655
42.794
43.096
43.259
43.398
43.561
43.700
44.141
44.304
44.466
44.606
45.813
47.113
47.508
69.056
69.358
69.637
69.939
70.264
70.565
70.705
70.844
71.169
71.285
71.587
71.750
72.052
72.330
72.516
72.655
72.934
73.236
73.538
73.839
74.025
74.165
74.443
74.745
75.024
75.326
75.651
75.929
76.254
76.556
76.835
77.137
77.415
77.717
78.042
78.321
78.507
78.623
78.809
78.948
79.110
79.250
79.412
79.552
79.714
79.830
80.016
80.155
80.318
80.596
80.782
80.922
81.061
81.363
81.525
81.665
81.827
82.245
82.547
82.733
83.174
83.685
85.960
87.655
87.957
88.236
88.514
88.840
89.466
89.745
90.047
90.349
90.651
90.953
91.138
91.533
91.835
92.160
92.462
93.042
93.344
93.646
93.948
94.528
94.877
95.086
95.457
95.759
96.061
96.340
96.641
96.967
97.245
97.547
97.826
98.128
98.429
98.731
99.033
99.335
99.637
99.915
100.217
100.542
100.821
101.123
101.448
101.727
102.052
102.354
102.632
102.934
103.236
103.538
103.816
104.118
104.443
104.745
105.024
105.651
106.301
106.347
106.556
106.951
107.299
107.439
107.764
107.833
108.623
108.809
108.948
109.250
109.505
109.830
110.132
110.457
110.736
111.015
111.340
111.642
111.804
111.943
112.245
112.547
112.849
113.128
113.429
113.731
114.056
114.521
115.241
115.844
118.840
128.430
138.066
