52
70
2
140
45
2
184
103
26
0
7
4
0
0
1
4
3
1
0
2
3
1
3
1
0
4
0
3
1
0
3
1
4
3
1
3
1
1
4
0
3
3
0
1
0
40
0
3
0
2
0
1
4
5
2
34
32
0
1
52
1
27
1
17
0
24
0
23
25
0
29
23
52
27
0
0
33
31
24
0
45
24
45
0
0
0
50
1
52
0
0
12
51
41
0
4
46
27
51
47
51
24
0
50
51
28
0
54
0
4
13
9
52
27
25
0
31
52
0
30
50
36
0
15
0
2
20
30
1
18
18
26
0
56
26
50
30
18
36
0
2
15
0
1
37
18
36
4
42
18
0
4
49
14
50
26
50
30
15
0
55
47
37
4
37
1
36
0
50
30
0
2
1
18
30
1
1
0
1
0
2
29
49
41
41
0
1
18
36
0
37
56
0
20
24
0
0
7
0
34
16
0
0
7
17
0
3
17
0
17
0
40
0
17
0
13
0
43
0
42
4
1
3
13
3
10
0
3
13
13
0
0
