157
171
3
54
105
266
1
404
24
8
50
0
36
18
0
30
0
15
2
4
2
36
1
26
0
18
0
36
2
47
0
2
0
20
50
0
26
36
15
37
3
0
43
7
1
16
0
0
2
56
0
1
15
2
50
0
55
0
47
0
2
47
0
0
20
37
15
14
50
0
55
0
36
36
2
0
20
37
47
0
41
20
30
0
7
41
20
50
0
36
15
4
0
1
41
39
0
8
14
56
37
50
0
47
0
1
0
36
4
18
0
18
0
37
36
36
0
2
8
26
2
15
18
0
0
4
0
0
4
2
36
36
26
0
0
0
4
10
6
41
47
0
53
0
0
0
16
51
0
27
0
0
0
27
13
52
48
46
0
45
14
37
25
28
9
0
22
50
0
32
0
49
39
0
47
0
18
0
50
0
41
18
0
2
0
2
4
39
0
4
50
0
14
8
18
0
37
50
0
0
55
0
18
0
8
0
18
0
47
0
14
15
36
0
38
41
0
41
0
0
26
1
15
2
24
1
1
52
22
33
9
0
27
42
17
36
14
18
0
15
1
0
47
0
41
50
0
15
50
0
2
36
30
0
41
30
0
41
0
0
40
9
1
27
1
0
1
0
19
18
0
1
30
0
14
19
0
14
38
38
49
4
8
15
14
20
18
0
41
55
0
18
0
4
4
2
4
26
41
8
47
0
38
19
0
0
26
4
0
30
0
50
50
0
1
0
20
18
0
37
26
21
8
1
0
37
15
30
0
17
2
2
1
25
4
40
5
22
29
11
