0.209
0.511
0.673
0.975
1.091
1.184
1.440
1.602
1.649
2.113
2.368
2.554
2.856
2.972
3.065
3.529
3.785
3.878
3.994
4.226
4.435
4.481
4.737
4.853
4.946
5.178
5.387
5.433
6.130
6.362
6.502
6.618
6.734
6.850
6.966
7.082
7.314
7.779
8.034
8.266
8.522
8.638
8.731
8.963
9.172
9.218
9.451
9.660
9.892
10.124
10.403
10.519
10.635
10.844
11.076
11.331
11.447
11.564
11.773
12.005
12.051
12.283
12.399
12.516
12.725
12.957
13.212
13.351
13.444
13.677
13.909
14.164
14.303
14.396
14.536
14.629
14.861
15.093
15.232
15.348
15.557
15.790
16.045
16.184
16.300
16.533
16.718
16.765
17.206
17.461
17.670
17.717
17.949
18.065
18.181
18.413
18.646
18.994
19.133
19.365
19.737
19.853
19.969
20.085
20.201
20.317
20.550
20.921
21.246
21.478
21.618
21.734
21.850
21.966
22.082
22.198
22.430
22.663
22.779
22.895
23.359
23.615
23.824
24.079
24.288
24.776
25.008
25.240
25.519
25.635
25.751
26.169
26.448
26.657
26.912
27.121
27.585
27.864
28.050
28.352
28.537
28.793
29.025
29.280
29.420
29.536
29.954
30.441
30.674
30.906
31.161
31.300
31.417
31.626
31.858
32.136
32.322
32.578
32.787
32.833
33.065
33.181
33.297
33.530
33.739
34.203
34.458
34.691
34.969
35.085
35.201
35.387
35.643
36.107
36.362
36.571
37.036
37.500
37.988
38.243
38.452
38.754
38.870
38.963
39.195
39.404
39.451
39.683
39.869
40.124
40.356
40.635
40.751
40.867
41.076
41.308
41.773
42.028
42.237
42.284
42.516
42.632
42.748
42.957
43.166
43.468
43.677
43.909
44.373
44.536
44.652
44.861
45.070
45.232
45.349
45.558
45.813
46.022
46.301
46.510
46.765
46.974
47.438
47.717
47.903
48.205
48.390
48.646
48.855
48.901
49.133
49.319
49.598
49.784
50.085
50.202
50.294
50.527
50.736
51.037
51.223
51.479
51.688
51.966
52.198
52.338
52.431
52.640
52.918
53.104
53.383
53.568
53.870
53.986
54.079
54.311
54.520
54.567
54.985
55.263
55.449
55.751
55.867
55.960
56.192
56.401
56.889
57.144
57.353
57.400
57.632
57.864
58.096
58.329
58.770
59.025
59.257
59.513
59.745
60.000
60.186
60.233
60.674
60.929
61.138
61.185
61.417
61.533
61.649
61.858
62.090
62.462
62.578
62.810
63.042
63.298
63.437
63.530
63.762
63.971
64.250
64.366
64.482
64.691
64.923
65.202
65.318
65.434
65.643
65.875
66.130
66.339
66.572
66.804
66.850
67.082
67.199
67.315
67.524
67.779
68.034
68.151
68.243
68.476
68.708
68.963
69.103
69.219
69.428
69.660
69.915
70.124
70.356
70.589
70.867
70.983
71.100
71.517
71.819
72.005
72.284
72.469
72.748
72.864
72.980
73.213
73.421
73.700
73.886
74.165
74.350
74.629
74.768
74.884
75.093
75.302
75.790
76.045
76.533
76.649
77.021
77.230
77.485
77.671
77.926
78.182
78.414
78.553
78.669
78.878
79.110
79.343
79.482
79.807
80.295
80.434
80.550
80.759
81.014
81.247
84.799
85.287
85.728
86.216
86.471
86.657
87.144
87.400
87.609
87.864
88.073
88.329
88.538
88.816
89.025
89.304
89.490
89.768
89.954
90.233
90.419
90.720
90.906
91.162
91.394
91.649
91.881
92.114
92.346
92.601
92.810
93.066
93.275
93.530
93.762
94.018
94.227
94.482
94.714
94.946
95.155
95.434
95.643
95.875
96.107
96.363
96.595
96.850
97.036
97.524
97.779
97.988
98.267
98.453
98.917
99.381
99.869
100.333
100.798
101.285
101.750
102.237
102.702
103.189
103.654
104.118
104.583
105.070
105.535
106.022
106.487
106.951
107.416
107.903
108.368
108.855
109.320
109.784
110.248
110.736
111.200
111.688
112.152
112.640
113.104
113.569
113.847
114.033
114.080
114.521
114.799
114.985
115.032
115.287
115.450
115.728
115.937
116.402
116.448
116.680
116.866
117.354
117.609
117.818
117.864
118.306
118.584
118.770
119.234
119.513
119.699
120.186
120.465
120.651
120.697
121.115
121.603
122.067
122.532
123.019
123.484
123.971
124.436
124.923
125.365
125.852
126.317
126.827
127.269
129.219
130.612
130.752
130.868
131.100
131.355
131.587
131.820
131.936
132.052
132.516
132.632
132.865
133.120
133.236
133.352
133.468
133.793
134.281
134.513
134.745
135.001
135.349
135.558
135.721
135.837
136.046
136.185
136.301
136.533
136.766
137.021
137.485
137.718
138.159
138.414
138.623
138.902
139.018
139.134
139.366
139.552
140.040
140.295
140.504
140.783
140.899
141.015
141.224
141.479
141.735
141.920
142.176
142.408
142.663
142.803
142.919
143.128
143.360
143.824
144.057
144.289
144.567
144.684
144.800
145.009
145.241
145.519
145.705
145.961
146.193
146.448
146.588
146.680
146.913
147.145
147.400
147.516
147.632
147.841
148.074
148.352
148.468
148.584
148.793
149.002
149.049
149.490
149.745
149.954
150.001
150.233
150.349
150.465
150.906
154.482
154.691
155.133
155.620
156.108
156.572
157.037
157.501
157.989
158.453
158.917
159.405
159.869
160.334
160.821
161.286
161.773
162.215
162.702
163.167
163.654
164.119
164.606
165.071
165.535
165.999
166.487
166.951
167.439
167.903
168.391
168.856
169.320
169.784
170.272
170.551
170.736
170.783
171.038
171.201
171.479
171.665
171.735
172.153
172.431
172.617
172.919
173.105
173.360
173.569
173.616
174.034
174.312
174.498
174.986
175.264
175.450
175.938
176.216
176.402
176.448
176.866
176.913
177.168
177.354
177.400
177.818
177.865
178.283
178.770
179.235
179.722
180.187
180.651
181.116
181.603
182.068
182.555
183.020
183.972
200.528
