0.209
0.720
1.184
1.649
2.113
2.601
3.065
3.529
4.017
4.481
4.969
5.433
5.898
6.385
6.850
7.314
7.779
8.266
8.754
9.218
9.683
10.147
10.635
11.099
11.564
12.051
12.516
13.003
13.468
13.932
14.420
14.884
15.348
15.836
16.300
16.765
17.252
17.717
18.181
18.646
19.133
19.621
20.085
20.573
21.037
21.502
21.966
22.430
22.895
23.382
23.847
24.335
24.799
25.287
25.751
26.215
26.680
27.167
27.632
28.119
28.584
29.071
29.536
30.000
30.465
30.952
31.417
31.904
32.369
32.833
33.297
33.785
34.249
34.737
35.201
35.666
36.153
36.618
37.082
37.547
38.011
38.499
38.986
39.451
39.915
40.403
40.867
41.355
41.819
42.284
42.748
43.236
43.700
44.164
44.652
45.140
45.581
46.068
46.533
47.020
47.485
47.949
48.437
48.901
49.366
49.853
50.318
50.782
51.270
51.734
52.198
52.686
53.150
53.638
54.102
54.567
55.055
55.519
55.983
56.471
56.935
57.400
57.864
58.352
58.816
59.304
59.768
60.233
60.720
61.185
61.649
62.137
62.601
63.065
63.553
64.017
64.482
64.969
65.434
65.898
66.386
66.850
67.338
67.802
68.267
68.754
69.219
69.683
70.171
70.635
71.100
71.587
72.052
72.516
73.004
73.468
73.932
74.420
74.884
75.349
75.836
76.324
76.788
77.253
77.717
78.205
78.669
79.134
79.621
80.086
80.550
81.038
81.525
81.990
82.454
82.918
83.383
83.847
84.312
84.799
85.287
85.751
86.216
86.680
87.168
87.632
88.120
88.584
89.072
89.536
90.001
90.488
90.953
91.417
91.881
92.346
92.833
93.298
93.785
94.250
94.737
95.202
95.666
96.154
96.618
97.083
97.570
98.035
98.615
99.149
99.614
100.101
100.566
101.053
101.518
102.005
102.470
102.934
103.398
103.886
104.350
104.838
105.302
105.790
106.255
106.719
107.183
107.671
108.135
108.600
109.064
109.552
110.016
110.504
110.968
111.433
111.897
112.385
112.872
113.360
113.871
114.335
114.823
115.287
115.751
116.239
116.703
117.191
117.656
118.120
118.584
119.072
119.536
120.001
120.488
120.953
121.371
121.835
122.300
122.787
123.252
123.739
124.204
124.668
125.132
125.620
126.084
126.549
126.990
127.454
127.919
128.383
128.824
129.242
129.707
130.171
130.635
131.123
131.587
132.052
132.540
133.004
133.468
133.956
134.420
134.908
135.372
135.837
136.301
136.789
137.253
137.718
138.182
138.670
139.134
139.598
140.063
140.550
141.015
141.502
141.967
142.454
142.919
143.383
143.848
144.335
144.800
145.264
145.752
146.216
146.704
147.168
147.656
148.120
148.584
149.049
149.537
150.001
150.465
150.930
151.371
151.812
152.253
152.694
153.136
153.577
154.018
154.482
154.947
155.411
155.876
156.340
156.804
157.269
157.756
158.221
158.685
159.150
159.637
160.125
160.589
161.054
161.541
162.006
162.470
162.934
163.422
163.886
164.351
164.815
165.303
165.767
166.255
166.719
167.207
167.648
168.136
168.600
169.088
169.552
170.017
170.481
170.969
171.433
171.897
172.362
172.849
173.314
173.801
174.266
174.753
175.287
175.775
176.239
176.704
177.168
177.656
178.074
178.538
179.003
179.467
179.931
180.419
180.883
181.371
181.835
182.323
182.787
183.252
183.693
184.157
184.622
185.086
185.527
185.992
186.456
186.921
187.385
187.849
188.314
188.778
189.243
189.707
190.171
190.636
191.100
191.565
192.052
192.517
192.981
193.445
193.910
194.397
194.885
195.349
195.814
196.278
196.766
197.230
197.695
198.182
198.670
199.134
199.599
200.063
200.551
