316
334
3
57
182
285
2
31
157
54
16
0
0
34
3
0
17
16
0
0
4
3
0
10
0
12
13
0
40
16
0
33
0
16
0
53
1
0
1
0
35
11
0
21
1
7
0
29
7
52
10
1
0
21
0
1
7
0
17
0
0
50
51
24
9
12
0
6
0
51
22
28
51
2
33
51
53
24
31
0
25
30
12
4
31
0
31
0
22
31
0
0
21
37
0
11
0
36
28
0
20
0
25
0
0
0
0
2
2
0
2
0
3
0
28
51
7
0
35
34
7
0
24
2
13
0
7
0
9
53
29
0
2
25
22
1
52
2
0
24
52
4
2
3
46
0
31
0
0
0
23
27
9
6
7
0
25
0
51
31
0
27
51
32
0
48
46
0
4
9
28
0
1
51
25
2
51
1
0
22
52
24
33
0
8
51
21
2
22
40
0
0
4
2
0
35
31
0
42
2
22
42
2
23
2
10
34
40
27
2
1
0
13
48
32
28
0
24
25
0
32
0
25
7
0
1
0
29
52
17
35
10
34
10
40
29
28
0
38
4
0
0
0
20
0
2
56
31
19
0
1
0
19
0
0
0
39
0
28
51
28
0
56
2
30
0
1
0
19
0
1
0
4
37
37
0
36
1
0
39
18
4
4
4
13
51
0
4
0
4
16
