2.531
2.949
3.367
3.808
4.226
4.644
5.085
5.526
5.968
6.385
6.803
7.221
7.639
8.081
8.522
8.963
9.404
9.822
10.240
10.681
11.099
11.517
11.958
12.399
12.817
13.235
13.653
14.048
14.443
14.838
15.232
15.604
16.022
16.440
16.881
17.299
17.740
18.158
18.599
19.017
19.458
19.876
20.317
20.735
21.153
21.595
22.013
22.454
22.895
23.336
23.777
24.195
24.613
25.031
25.449
25.890
26.308
26.726
27.144
27.562
28.003
28.421
28.839
29.234
29.629
30.047
30.465
30.836
31.231
31.649
32.067
32.508
32.949
33.367
33.785
34.203
34.644
35.085
35.503
35.921
36.362
36.804
37.222
37.640
38.081
38.499
38.940
39.358
39.799
40.217
40.658
41.076
41.517
41.935
42.376
42.794
43.236
43.654
44.071
44.513
44.931
45.372
45.790
46.231
46.649
47.090
47.508
47.949
48.367
48.785
49.226
49.667
50.085
50.503
50.945
51.363
51.804
52.222
52.640
53.081
53.522
53.940
54.358
54.799
55.217
55.658
56.099
56.517
56.912
57.330
57.748
58.143
58.538
58.932
59.327
59.745
60.163
60.604
61.022
61.463
61.881
62.322
62.740
63.158
63.576
64.017
64.459
64.877
65.318
65.759
66.177
66.595
67.036
67.477
67.895
68.313
68.754
69.172
69.613
70.031
70.449
70.891
71.308
71.726
72.168
72.586
73.027
73.445
73.886
74.304
74.722
75.163
75.581
76.045
76.487
76.904
77.299
77.717
78.158
78.600
79.018
79.435
79.853
80.295
80.736
81.154
81.572
82.013
82.454
82.872
83.313
83.731
84.172
84.590
85.031
85.449
85.867
86.309
86.727
87.168
87.586
88.004
88.422
88.863
89.304
89.722
90.140
90.581
91.022
91.463
91.881
92.299
92.740
93.182
93.600
94.018
94.459
94.900
95.318
95.736
96.154
96.595
97.036
97.454
97.872
98.313
98.731
99.149
99.590
100.032
100.450
100.891
101.309
101.727
102.145
102.563
102.980
103.398
103.840
104.281
104.722
105.163
105.604
106.022
106.440
106.881
107.323
107.741
108.159
108.577
109.018
109.436
109.854
110.272
110.690
111.131
111.549
111.943
112.385
112.803
113.220
113.638
114.056
114.474
114.892
115.310
115.728
116.146
116.564
116.959
117.377
117.795
118.190
118.608
119.002
119.420
119.815
120.233
120.628
121.022
121.417
121.812
122.207
122.625
123.019
123.414
123.809
124.227
124.621
125.016
125.411
125.829
126.224
126.618
127.013
127.408
127.803
128.221
128.615
129.010
129.405
129.800
130.194
130.612
131.007
131.425
131.820
132.238
132.632
133.027
133.422
133.817
134.211
134.606
135.001
135.419
135.814
136.208
136.603
136.998
137.416
137.810
138.205
138.600
139.018
139.413
139.807
140.202
140.620
141.015
141.410
141.804
142.199
142.617
143.012
143.406
143.801
144.219
144.614
145.009
145.403
145.821
146.216
146.611
147.006
147.400
147.818
148.213
148.608
149.002
149.397
149.815
150.210
150.605
150.999
151.417
151.812
152.207
152.602
153.020
153.414
153.809
154.204
154.598
155.016
155.411
155.806
156.201
156.619
157.013
157.408
157.803
158.221
158.616
159.010
159.405
159.800
160.194
160.589
160.984
161.379
