0.694
0.707
0.699
0.833
0.776
0.690
0.489
0.781
0.705
0.710
0.701
0.839
0.778
0.695
0.410
0.788
0.721
0.728
0.748
0.846
0.777
0.714
0.662
0.768
0.722
0.741
0.763
0.854
0.790
0.625
0.730
0.865
0.842
0.848
0.835
0.857
0.811
0.838
0.784
0.838
0.771
0.818
0.758
0.811
0.780
0.794
0.775
0.819
0.791
0.767
0.759
0.761
0.779
0.782
0.802
0.816
0.812
0.801
0.801
0.770
0.729
0.731
0.825
0.814
0.919
0.909
0.914
0.852
0.896
0.889
0.890
0.843
0.896
0.888
0.867
0.869
0.877
0.916
0.899
0.766
0.846
0.901
0.882
0.853
0.871
0.865
0.881
0.846
0.860
0.870
0.893
0.841
0.806
0.876
0.820
0.820
0.906
0.926
0.861
0.864
0.867
0.942
0.890
0.878
0.876
0.950
0.880
0.883
0.872
0.919
0.906
0.883
0.896
0.925
0.891
0.868
0.890
0.929
0.894
0.873
0.901
0.928
0.862
0.863
0.972
0.913
0.789
0.800
0.547
0.428
0.370
0.538
0.462
0.425
0.450
0.408
0.825
0.811
0.738
0.745
0.709
0.758
0.738
0.730
0.826
0.808
0.759
0.786
0.760
0.768
0.765
0.833
0.824
0.799
0.811
0.781
0.743
0.759
0.744
0.783
0.811
0.894
0.834
0.850
0.836
0.797
0.841
0.873
0.868
0.854
0.782
0.713
0.770
0.547
0.612
0.583
0.872
0.838
0.688
0.838
0.842
0.816
0.737
0.832
0.835
0.827
0.722
0.828
0.840
0.829
0.609
0.836
0.812
0.821
0.582
0.846
0.838
0.813
0.663
0.837
0.836
0.842
0.741
0.824
0.832
0.830
0.736
0.820
0.968
0.929
0.843
0.876
0.854
0.825
0.621
0.874
0.883
0.872
0.797
0.891
0.822
0.844
0.711
0.856
0.865
0.852
0.788
0.876
0.887
0.870
0.833
0.858
0.945
0.831
0.842
0.875
0.835
0.850
0.876
0.879
0.668
0.485
0.406
0.409
0.805
0.668
0.677
0.682
0.876
0.747
0.697
0.719
0.853
0.829
0.650
0.596
0.883
0.733
0.721
0.740
0.841
0.825
0.633
0.605
0.903
0.752
0.770
0.820
0.882
0.849
0.705
0.684
0.903
0.789
0.796
0.815
0.870
0.815
0.718
0.810
0.864
0.846
0.837
0.830
0.838
0.812
0.817
0.796
0.808
0.784
0.799
0.779
0.775
0.748
0.764
0.739
0.781
0.758
0.728
0.752
0.753
0.762
0.756
0.747
0.792
0.778
0.774
0.772
0.761
0.819
0.811
0.854
0.987
0.985
0.979
0.985
0.988
0.984
0.990
0.982
0.976
0.987
0.989
0.978
0.982
0.811
1.000
0.985
0.988
0.986
0.989
0.990
0.975
0.987
0.992
0.980
0.959
0.981
0.990
0.987
0.894
0.849
0.833
0.900
0.982
0.973
0.982
0.989
0.978
0.983
0.982
0.978
0.986
0.982
0.975
0.982
0.986
0.982
0.972
0.975
0.991
0.979
0.986
0.980
0.981
0.987
0.983
0.929
0.985
0.979
0.991
0.993
0.790
0.760
0.812
0.832
0.682
0.497
0.216
0.000
0.780
