1.858
2.531
2.949
3.529
3.576
4.203
5.248
5.666
5.991
6.385
6.966
7.639
8.057
8.290
8.406
8.522
8.638
8.731
9.567
9.799
10.008
10.217
10.426
11.076
11.285
11.494
11.726
11.935
12.121
12.562
12.817
13.003
13.212
13.421
13.653
13.862
14.303
14.512
14.698
14.930
15.139
15.557
15.999
16.208
16.417
16.672
16.858
17.090
17.276
17.508
17.717
17.949
18.158
18.576
18.785
18.994
19.226
19.435
19.667
19.853
20.085
20.294
20.526
20.712
20.944
21.153
21.386
21.571
21.804
22.013
22.221
22.430
22.616
22.872
23.057
23.313
23.731
23.917
24.172
24.776
25.031
25.194
25.449
25.890
28.003
28.421
28.607
28.816
29.257
29.489
29.605
29.698
29.931
30.047
30.140
30.348
30.465
30.557
30.813
30.952
31.208
31.300
31.440
31.533
31.649
31.742
31.858
31.974
32.067
32.183
32.276
32.694
32.926
33.042
33.135
33.251
33.367
33.460
33.576
33.692
33.785
33.901
33.994
34.249
34.389
34.435
34.551
34.644
34.760
34.853
35.085
35.178
35.294
35.387
35.503
35.619
35.712
36.107
36.525
36.571
36.780
36.897
36.989
37.105
37.222
37.338
37.431
37.802
37.988
38.058
38.197
38.290
38.406
38.522
38.615
38.708
38.824
38.940
39.033
39.149
39.474
39.567
39.799
39.892
40.008
40.124
40.217
40.333
40.426
40.542
40.658
40.751
40.867
41.262
41.610
41.726
41.935
42.051
42.144
42.260
42.376
42.562
42.957
43.189
43.328
43.445
43.654
43.770
43.862
43.979
44.071
44.188
44.280
44.513
44.675
44.907
45.047
45.163
45.349
45.465
45.581
45.697
45.790
45.906
45.999
46.208
46.417
46.649
46.765
46.858
47.067
47.183
47.299
47.415
47.508
47.601
47.717
47.926
48.112
48.344
48.460
48.576
48.692
48.785
48.901
48.994
49.203
49.342
49.435
49.644
49.830
50.039
50.178
50.294
50.480
50.620
50.712
50.921
51.037
51.154
51.363
51.548
51.780
51.897
52.013
52.129
52.222
52.338
52.431
52.640
52.756
52.872
53.058
53.290
53.499
53.615
53.731
53.940
54.033
54.149
54.265
54.358
54.474
54.590
54.799
54.985
55.310
55.635
55.867
56.192
56.308
56.517
56.633
60.116
60.604
60.790
61.022
61.440
61.881
62.531
62.740
62.949
63.135
63.367
63.576
64.017
64.203
64.459
64.644
64.877
65.086
65.271
65.527
65.736
65.921
66.177
66.363
66.595
66.781
66.920
67.036
67.640
67.872
68.081
68.290
68.731
69.149
69.335
69.799
69.985
70.217
70.426
70.658
70.867
71.100
71.285
71.517
71.726
72.144
72.377
72.586
72.795
73.027
73.143
73.352
77.253
77.601
77.903
78.228
78.553
78.832
78.994
79.319
79.621
79.946
80.271
80.689
81.014
81.340
81.665
81.990
82.431
82.733
83.058
83.383
83.708
83.824
83.940
84.056
84.172
84.451
84.753
84.799
85.101
85.403
85.705
85.844
86.169
86.471
86.819
87.144
87.562
87.864
88.213
88.538
88.863
89.258
89.583
89.908
90.233
90.558
90.976
91.301
91.626
91.974
92.276
92.694
93.019
93.344
93.646
93.971
94.412
94.737
95.062
95.364
95.713
96.084
96.432
96.758
97.083
97.431
97.663
97.872
98.151
98.499
98.824
99.149
99.567
99.892
100.032
100.217
100.426
100.566
100.867
101.100
106.951
107.323
107.741
108.135
108.553
108.971
109.412
109.830
110.248
110.666
111.107
111.525
111.920
112.385
112.779
113.197
113.615
114.033
114.451
114.869
115.264
115.705
115.937
116.123
116.355
116.518
116.936
117.168
117.330
117.748
117.981
118.166
118.422
118.584
118.817
118.979
119.188
119.374
119.606
119.769
120.210
120.395
120.581
120.813
120.999
121.371
121.789
122.183
122.578
122.810
122.996
123.228
123.391
123.623
123.786
124.018
124.180
124.413
124.598
124.807
124.993
125.388
125.620
125.806
126.200
126.595
126.990
127.222
127.385
127.803
128.197
128.592
129.010
129.382
130.728
131.402
131.820
132.191
133.793
134.165
134.397
134.560
134.606
134.815
135.001
135.187
135.396
135.605
135.790
135.999
136.185
136.417
136.580
136.812
136.998
137.207
137.392
137.601
137.764
138.019
138.182
138.414
138.600
138.786
138.995
139.180
139.413
139.761
140.016
140.202
140.411
140.574
140.806
140.992
141.201
141.386
141.781
141.990
142.199
142.408
142.594
142.803
142.988
143.197
143.314
143.383
143.615
143.801
144.010
144.173
144.405
144.591
144.800
144.985
145.218
145.427
146.193
146.588
146.959
147.215
147.400
147.609
147.795
148.004
148.190
148.399
148.584
148.817
148.910
149.002
149.188
149.397
149.606
149.699
149.792
150.001
150.187
150.396
150.489
150.605
150.790
150.999
151.208
151.301
151.394
151.580
151.789
151.998
152.114
152.207
152.393
152.602
152.903
152.996
153.182
153.391
153.693
153.786
153.995
154.204
154.413
154.506
154.598
154.784
154.993
155.202
155.365
155.597
155.806
156.015
156.085
156.201
156.410
156.502
156.595
156.897
157.013
157.199
157.315
157.408
157.594
157.710
157.803
158.012
158.221
158.499
158.824
158.987
159.312
159.405
159.614
162.609
163.027
