0.139
0.627
1.115
1.579
2.067
2.554
3.019
3.506
3.994
4.458
4.946
5.433
5.921
6.385
6.850
7.338
7.825
8.313
8.777
9.265
9.752
10.240
10.704
11.192
11.680
12.144
12.632
13.119
13.584
14.071
14.559
15.023
15.488
15.999
16.463
16.951
17.438
17.926
18.390
18.878
19.365
19.853
20.317
20.805
21.269
21.757
22.221
22.709
23.174
23.661
24.149
24.636
25.124
25.588
26.053
26.564
27.028
27.469
27.980
28.444
28.955
29.420
29.907
30.395
30.883
31.347
31.835
32.322
32.787
33.274
33.762
34.226
34.714
35.201
35.666
36.153
36.641
37.105
37.593
38.058
38.545
39.033
39.520
39.985
40.472
40.960
41.424
41.912
42.400
42.887
43.352
43.839
44.304
44.768
45.256
45.743
46.231
46.719
47.183
47.647
48.158
48.599
49.110
49.598
50.085
50.573
51.037
51.502
51.966
52.477
52.941
53.429
53.917
54.404
54.869
55.356
55.844
56.308
56.796
57.284
57.771
58.236
58.723
59.188
59.675
60.163
60.627
61.115
61.603
62.090
62.555
63.042
63.530
63.994
64.482
64.969
65.434
65.921
66.386
66.873
67.361
67.825
68.313
68.801
69.265
69.753
70.240
70.728
71.192
71.680
72.168
72.632
73.120
73.607
74.072
74.559
75.047
75.511
75.999
76.463
76.928
77.415
77.903
78.391
78.878
79.366
79.830
80.318
80.805
81.270
81.757
82.222
82.709
83.197
83.661
84.149
84.637
85.124
85.589
86.076
86.541
87.028
87.516
88.004
88.468
88.932
89.443
89.908
90.395
90.883
91.347
91.835
92.299
92.787
93.275
93.762
94.227
94.714
95.202
95.666
96.154
96.641
97.106
97.593
98.081
98.545
99.033
99.498
99.985
100.473
100.937
101.425
101.912
102.400
102.841
103.352
103.840
104.304
104.792
105.279
105.767
106.231
106.719
107.183
107.671
108.159
108.623
109.111
109.598
110.086
110.550
111.038
111.502
111.990
112.477
112.965
113.429
113.917
114.405
114.869
115.334
115.821
116.309
116.796
117.284
117.772
118.236
118.724
119.211
119.676
120.163
120.628
121.115
121.580
122.067
122.555
123.043
123.530
123.995
124.482
124.947
125.434
125.922
126.409
126.874
127.338
127.826
128.313
128.801
129.265
129.753
130.241
130.705
131.193
131.680
132.168
132.632
133.120
133.608
134.072
134.560
135.047
135.512
135.999
136.487
136.975
137.439
137.903
138.391
138.879
139.343
139.831
140.318
140.806
141.270
141.758
142.245
142.710
143.197
143.662
144.149
144.637
145.101
145.589
146.077
146.541
147.029
147.493
147.981
148.445
148.956
149.444
149.908
150.396
150.883
151.348
151.835
152.323
152.811
153.298
153.763
154.227
154.715
155.179
155.667
156.131
156.642
157.129
157.594
158.058
158.569
159.103
159.614
160.125
160.636
161.146
161.611
162.099
162.586
163.051
163.515
163.979
164.467
164.955
165.442
165.930
166.487
167.044
167.532
168.020
168.507
169.018
169.482
169.947
170.388
170.829
171.294
171.758
172.222
172.687
173.128
173.592
174.080
174.544
175.032
175.589
176.077
176.565
177.052
177.493
178.004
178.422
178.863
179.281
179.722
180.164
180.628
181.092
181.580
182.044
182.532
183.020
183.484
183.972
184.436
184.924
185.411
185.876
186.363
186.851
187.339
187.803
188.291
188.778
189.266
189.730
190.218
190.682
191.170
191.658
192.122
192.610
193.074
193.562
194.049
194.514
195.001
195.489
195.976
196.441
196.928
197.416
197.880
198.368
198.856
199.320
199.808
200.295
200.783
201.247
201.712
202.199
202.687
203.151
203.639
204.127
204.614
205.079
205.566
206.054
206.518
