0.139
0.627
1.115
1.579
1.765
1.904
2.067
2.531
3.019
3.506
3.669
3.831
3.994
4.458
4.946
5.410
5.596
5.759
5.921
6.385
6.850
7.338
7.802
8.290
8.754
9.265
9.427
9.590
9.752
10.194
10.681
11.146
11.355
11.494
11.656
12.144
12.608
13.073
13.282
13.421
13.584
14.048
14.512
15.000
15.464
15.975
16.440
16.927
17.113
17.276
17.438
17.903
18.367
18.831
19.040
19.180
19.342
19.807
20.294
20.759
20.944
21.107
21.269
21.711
22.221
22.709
23.150
23.661
24.102
24.149
24.590
24.799
24.938
25.101
25.565
26.030
26.517
26.703
26.865
27.028
27.957
28.444
28.630
28.955
29.420
29.884
30.372
30.836
31.324
31.811
32.276
32.485
32.624
32.787
33.251
33.715
34.203
34.389
34.551
34.714
35.155
35.643
36.107
36.153
36.316
36.455
36.618
37.082
37.570
38.034
38.522
38.986
39.474
39.938
40.287
40.472
40.914
41.401
41.889
42.075
42.237
42.376
42.841
43.328
43.793
44.002
44.141
44.304
44.745
45.256
45.720
46.184
46.672
47.160
47.647
47.833
47.972
48.135
48.576
49.087
49.551
49.900
50.085
50.527
51.014
51.479
51.827
52.454
52.918
55.821
56.773
57.284
57.725
58.236
58.677
59.188
59.490
59.675
60.140
60.604
61.092
61.556
62.044
62.508
63.019
63.483
63.971
64.435
64.946
65.271
65.411
65.898
66.363
66.873
67.338
67.825
68.267
68.778
69.242
69.730
70.194
70.682
71.030
71.169
71.634
72.121
72.609
73.096
73.584
74.025
74.536
75.024
75.488
75.813
75.976
76.440
76.788
77.880
78.391
78.855
79.343
79.807
80.295
80.620
80.759
81.247
81.711
82.222
82.408
82.686
83.174
83.638
84.149
84.474
84.614
85.101
85.566
86.053
86.239
86.378
86.541
87.005
87.470
87.980
88.143
88.305
88.468
88.793
88.932
89.397
89.768
89.884
90.047
90.210
90.372
90.836
91.301
91.347
91.812
92.276
92.648
92.764
93.089
93.251
93.739
93.925
94.064
94.227
94.552
94.691
95.039
95.179
95.643
95.806
95.991
96.131
96.595
96.943
97.083
97.570
97.756
97.895
98.058
98.406
98.522
98.871
98.987
99.033
99.498
99.823
99.962
100.450
100.798
100.914
101.262
101.425
101.587
101.727
101.889
102.237
102.354
102.818
103.189
103.329
103.491
103.631
103.816
104.281
104.768
105.233
105.442
105.558
105.720
106.185
106.556
106.672
107.160
107.369
107.648
108.135
108.600
109.111
109.250
109.412
109.575
110.039
110.504
110.991
111.200
111.340
111.502
111.990
112.292
112.454
112.919
113.104
113.267
113.429
113.755
113.894
114.080
114.242
114.405
117.284
118.213
119.025
119.188
120.117
120.604
120.790
120.930
121.115
121.580
122.044
122.532
122.996
123.484
123.948
124.459
124.784
124.923
125.411
125.875
126.363
126.711
126.851
127.338
127.803
128.290
128.476
128.778
129.265
129.707
130.218
130.682
131.193
131.634
132.145
132.447
132.609
133.097
133.561
134.072
134.374
134.536
135.465
135.976
136.440
136.928
137.253
137.416
137.880
138.228
138.391
139.297
141.247
142.060
142.222
143.012
143.151
143.662
143.848
144.149
145.078
145.589
161.123
161.425
162.400
162.865
163.027
164.769
164.955
165.117
165.256
166.069
166.696
166.882
167.044
167.184
172.037
181.092
182.021
182.834
182.996
183.484
183.809
183.925
184.436
184.738
184.900
185.388
185.853
186.340
186.805
187.292
187.780
188.267
188.755
189.219
189.707
190.195
190.520
190.659
191.147
191.611
192.099
192.586
193.051
193.515
194.026
194.351
194.490
195.001
195.466
195.953
196.255
196.418
196.882
197.370
197.857
198.182
198.345
198.832
199.274
199.784
200.249
200.574
200.760
201.062
201.224
201.712
204.127
205.055
206.031
206.843
206.983
207.470
207.656
