189
218
1
389
1
84
41
22
30
0
43
41
46
0
0
4
17
47
0
9
0
2
9
0
12
12
12
16
51
0
14
0
36
2
16
0
31
50
0
12
20
16
0
2
20
27
22
25
31
0
25
22
31
0
1
15
4
28
30
0
45
8
1
25
8
3
52
55
0
0
34
1
1
24
56
54
41
23
0
56
27
20
0
45
14
27
26
1
0
0
45
1
18
0
11
52
4
23
0
47
0
12
49
52
36
22
47
0
52
0
53
25
1
0
48
46
51
0
14
21
19
27
32
0
28
50
0
2
27
53
27
52
32
0
43
56
40
29
46
50
0
23
0
0
1
52
20
1
26
20
0
28
51
0
27
31
0
0
0
43
1
51
0
55
0
46
25
0
1
42
0
2
46
42
26
2
21
13
52
0
42
7
25
12
5
2
34
18
0
8
1
26
2
48
9
0
25
48
11
51
0
18
0
32
52
0
37
9
0
12
46
0
53
2
2
9
0
21
46
0
31
0
33
9
0
47
0
55
0
41
6
9
0
48
53
11
51
0
9
0
52
35
10
0
7
10
1
10
0
10
29
34
35
34
35
53
25
0
5
5
0
3
40
2
27
0
40
53
29
45
43
0
1
0
0
4
1
3
42
4
1
0
4
1
13
0
45
0
4
17
9
0
9
0
33
1
51
0
46
50
0
46
0
1
28
27
20
27
12
1
0
31
0
9
0
27
11
0
32
50
0
12
49
51
0
38
4
23
0
4
56
37
1
24
41
