0.430
0.817
0.747
0.695
0.592
0.452
0.399
0.454
0.297
0.256
0.259
0.117
0.043
0.007
0.016
0.000
0.000
0.003
0.003
0.206
0.426
0.431
0.519
0.332
0.386
0.195
0.552
0.253
0.415
0.408
0.487
0.486
0.243
0.219
0.103
0.021
0.661
0.301
0.349
0.538
0.519
0.716
0.512
0.317
0.408
0.502
0.363
0.386
0.464
0.382
0.344
0.365
0.418
0.479
0.508
0.578
0.478
0.384
0.294
0.372
0.560
0.343
0.446
0.644
0.595
0.374
0.511
0.649
0.427
0.602
0.710
0.529
0.582
0.680
0.576
0.544
0.653
0.552
0.568
0.593
0.688
0.651
0.691
0.575
0.594
0.692
0.728
0.635
0.646
0.697
0.609
0.668
0.650
0.651
0.697
0.718
0.685
0.476
0.649
0.671
0.702
0.777
0.741
0.827
0.689
0.853
0.871
0.733
0.752
0.823
0.779
0.712
0.753
0.824
0.802
0.912
0.796
0.731
0.723
0.731
0.782
0.779
0.786
0.765
0.775
0.792
0.747
0.781
0.646
0.737
0.892
0.754
0.728
0.784
0.803
0.724
0.755
0.722
0.728
0.692
0.680
0.674
0.751
0.740
0.724
0.774
0.773
0.722
0.763
0.759
0.798
0.745
0.727
0.890
0.593
0.642
0.826
0.886
0.654
0.858
0.867
0.828
0.793
0.888
0.762
0.753
0.859
0.827
0.906
0.784
0.744
0.835
0.750
1.000
0.827
0.643
0.680
0.743
0.814
0.720
0.804
0.808
0.741
0.734
0.740
0.730
0.736
0.795
0.793
0.771
0.781
0.758
0.692
0.750
0.731
0.712
0.760
0.771
0.744
0.798
0.633
0.807
0.816
0.722
0.787
0.753
0.767
0.764
0.817
0.742
0.806
0.800
0.779
0.749
0.805
0.824
0.739
0.687
0.779
0.758
0.810
0.710
0.830
0.805
0.793
0.738
0.800
0.716
0.839
0.799
0.756
0.604
0.613
0.688
0.494
0.415
0.231
0.540
0.560
0.433
0.549
0.521
0.496
0.343
0.220
0.452
0.362
0.478
0.374
0.362
0.384
0.448
0.643
0.315
0.340
0.374
0.376
0.408
0.495
0.325
0.282
0.632
0.466
0.340
0.449
0.390
0.270
0.300
0.450
0.492
0.467
0.597
0.501
0.350
0.312
0.414
0.395
0.277
0.187
0.190
0.028
0.009
