0.000 -80.000
0.023 -80.000
0.046 -77.829
0.070 -80.000
0.093 -80.000
0.116 -80.000
0.139 -80.000
0.163 -80.000
0.186 -80.000
0.209 -80.000
0.232 -80.000
0.255 -80.000
0.279 -80.000
0.302 -80.000
0.325 -80.000
0.348 -80.000
0.372 -80.000
0.395 -80.000
0.418 -80.000
0.441 -80.000
0.464 -80.000
0.488 -80.000
0.511 -80.000
0.534 -80.000
0.557 -80.000
0.580 -80.000
0.604 -80.000
0.627 -80.000
0.650 -80.000
0.673 -80.000
0.697 -80.000
0.720 -74.587
0.743 -80.000
0.766 -80.000
0.789 -80.000
0.813 -80.000
0.836 -80.000
0.859 -80.000
0.882 -80.000
0.906 -80.000
0.929 -80.000
0.952 -80.000
0.975 -80.000
0.998 -80.000
1.022 -80.000
1.045 -80.000
1.068 -80.000
1.091 -80.000
1.115 -80.000
1.138 -80.000
1.161 -80.000
1.184 -80.000
1.207 -77.783
1.231 -36.776
1.254 -19.371
1.277 -13.305
1.300 -11.950
1.324 -13.433
1.347 -13.673
1.370 -10.743
1.393 -11.239
1.416 -15.503
1.440 -23.572
1.463 -31.320
1.486 -32.649
1.509 -25.400
1.533 -21.654
1.556 -22.621
1.579 -29.930
1.602 -37.656
1.625 -34.779
1.649 -32.722
1.672 -29.268
1.695 -30.076
1.718 -32.647
1.741 -30.731
1.765 -35.471
1.788 -30.598
1.811 -23.627
1.834 -22.010
1.858 -25.374
1.881 -25.732
1.904 -28.678
1.927 -40.179
1.950 -40.980
1.974 -41.301
1.997 -44.672
2.020 -45.899
2.043 -44.922
2.067 -43.680
2.090 -40.528
2.113 -42.417
2.136 -39.013
2.159 -30.521
2.183 -27.580
2.206 -22.938
2.229 -20.846
2.252 -24.236
2.276 -28.808
2.299 -30.987
2.322 -33.866
2.345 -35.078
2.368 -29.984
2.392 -27.590
2.415 -27.851
2.438 -26.637
2.461 -27.091
2.485 -29.092
2.508 -30.203
2.531 -32.364
2.554 -34.962
2.577 -42.739
2.601 -46.445
2.624 -44.394
2.647 -49.188
2.670 -50.959
2.694 -45.355
2.717 -39.469
2.740 -34.470
2.763 -33.815
2.786 -33.195
2.810 -38.195
2.833 -43.466
2.856 -41.195
2.879 -33.429
2.902 -31.575
2.926 -34.250
2.949 -34.206
2.972 -35.020
2.995 -40.819
3.019 -43.250
3.042 -40.247
3.065 -42.802
3.088 -42.836
3.111 -39.189
3.135 -40.153
3.158 -43.819
3.181 -43.380
3.204 -41.386
3.228 -41.506
3.251 -37.617
3.274 -33.158
3.297 -30.378
3.320 -32.225
3.344 -34.778
3.367 -35.756
3.390 -38.099
3.413 -36.092
3.437 -34.180
3.460 -40.735
3.483 -48.133
3.506 -46.368
3.529 -40.373
3.553 -36.249
3.576 -36.983
3.599 -37.677
3.622 -37.311
3.646 -35.604
3.669 -36.998
3.692 -38.588
3.715 -42.896
3.738 -45.412
3.762 -43.213
3.785 -38.558
3.808 -36.554
3.831 -36.374
3.855 -36.556
3.878 -35.718
3.901 -38.196
3.924 -44.138
3.947 -44.749
3.971 -44.524
3.994 -42.785
4.017 -42.485
4.040 -42.942
4.063 -45.001
4.087 -44.619
4.110 -45.667
4.133 -47.768
4.156 -47.560
4.180 -45.193
4.203 -44.592
4.226 -47.503
4.249 -50.471
4.272 -48.543
4.296 -43.819
4.319 -42.205
4.342 -42.522
4.365 -43.656
4.389 -45.531
4.412 -48.020
4.435 -44.626
4.458 -40.334
4.481 -38.123
4.505 -39.337
4.528 -40.341
4.551 -42.083
4.574 -44.776
4.598 -47.323
4.621 -45.681
4.644 -43.365
4.667 -43.103
4.690 -42.020
4.714 -42.332
4.737 -42.215
4.760 -40.353
4.783 -39.822
4.807 -40.336
4.830 -42.245
4.853 -45.964
4.876 -44.964
4.899 -43.419
4.923 -43.827
4.946 -44.777
4.969 -40.927
4.992 -42.245
5.016 -42.155
5.039 -40.683
5.062 -41.338
5.085 -41.816
5.108 -41.918
5.132 -44.346
5.155 -45.469
5.178 -42.138
5.201 -41.030
5.224 -41.380
5.248 -41.693
5.271 -41.919
5.294 -40.720
5.317 -39.159
5.341 -39.709
5.364 -39.907
5.387 -37.630
5.410 -39.371
5.433 -38.756
5.457 -40.334
5.480 -44.264
5.503 -44.474
5.526 -42.195
5.550 -42.877
5.573 -46.396
5.596 -44.933
5.619 -41.519
5.642 -40.497
5.666 -41.544
5.689 -43.327
5.712 -43.465
5.735 -40.777
5.759 -42.259
5.782 -45.064
5.805 -46.849
5.828 -42.882
5.851 -37.893
5.875 -37.958
5.898 -40.799
5.921 -43.189
5.944 -43.578
5.968 -42.039
5.991 -40.480
6.014 -41.010
6.037 -43.275
6.060 -40.930
6.084 -38.617
6.107 -39.648
6.130 -39.926
6.153 -39.130
6.177 -39.440
6.200 -39.679
6.223 -39.751
6.246 -41.560
6.269 -42.135
6.293 -41.798
6.316 -39.781
6.339 -40.213
6.362 -39.757
6.385 -39.330
6.409 -40.962
6.432 -43.481
6.455 -44.120
6.478 -41.529
6.502 -41.675
6.525 -42.381
6.548 -41.653
6.571 -41.624
6.594 -41.047
6.618 -40.670
6.641 -41.125
6.664 -42.066
6.687 -43.213
6.711 -43.240
6.734 -43.321
6.757 -43.557
6.780 -41.576
6.803 -39.082
6.827 -38.296
6.850 -38.459
6.873 -39.923
6.896 -39.588
6.920 -40.435
6.943 -41.455
6.966 -41.678
6.989 -41.220
7.012 -41.343
7.036 -40.058
7.059 -38.738
7.082 -37.844
7.105 -37.339
7.129 -36.792
7.152 -38.477
7.175 -38.783
7.198 -39.429
7.221 -40.445
7.245 -42.695
7.268 -42.712
7.291 -41.870
7.314 -42.045
7.338 -41.832
7.361 -42.128
7.384 -41.935
7.407 -42.034
7.430 -42.689
7.454 -43.466
7.477 -43.177
7.500 -44.097
7.523 -44.534
7.546 -43.825
7.570 -41.420
7.593 -39.250
7.616 -38.659
7.639 -38.066
7.663 -38.560
7.686 -39.636
7.709 -40.542
7.732 -41.404
7.755 -41.242
7.779 -40.795
7.802 -40.785
7.825 -40.073
7.848 -39.639
7.872 -39.234
7.895 -39.525
7.918 -39.730
7.941 -40.273
7.964 -40.765
7.988 -41.240
8.011 -40.942
8.034 -41.142
8.057 -41.147
8.081 -40.471
8.104 -40.864
8.127 -41.190
8.150 -41.434
8.173 -41.742
8.197 -41.893
8.220 -42.193
8.243 -41.902
8.266 -41.576
8.290 -41.453
8.313 -41.320
8.336 -41.079
8.359 -40.992
8.382 -41.180
8.406 -42.345
8.429 -43.007
8.452 -43.543
8.475 -43.376
8.499 -42.483
8.522 -41.063
8.545 -40.300
8.568 -40.151
8.591 -39.627
8.615 -39.074
8.638 -39.143
8.661 -40.008
8.684 -40.055
8.707 -40.461
8.731 -41.708
8.754 -43.079
8.777 -43.387
8.800 -43.010
8.824 -41.906
8.847 -40.894
8.870 -40.778
8.893 -40.560
8.916 -40.146
8.940 -40.397
8.963 -40.365
8.986 -39.801
9.009 -39.610
9.033 -39.704
9.056 -39.758
9.079 -40.208
9.102 -40.399
9.125 -40.145
9.149 -39.594
9.172 -39.277
9.195 -39.811
9.218 -40.276
9.242 -40.468
9.265 -40.675
9.288 -40.780
9.311 -41.267
9.334 -41.462
9.358 -40.791
9.381 -39.944
9.404 -39.950
9.427 -39.984
9.451 -40.389
9.474 -41.117
9.497 -41.496
9.520 -42.670
9.543 -43.105
9.567 -42.333
9.590 -41.902
9.613 -40.517
9.636 -39.320
9.660 -38.908
9.683 -39.058
9.706 -39.632
9.729 -38.968
9.752 -38.443
9.776 -39.591
9.799 -40.379
9.822 -40.845
9.845 -41.380
9.868 -41.349
9.892 -40.296
9.915 -39.440
9.938 -38.915
9.961 -37.899
9.985 -37.521
10.008 -39.259
10.031 -41.005
10.054 -42.428
10.077 -42.747
10.101 -41.784
10.124 -40.866
10.147 -40.517
10.170 -40.904
10.194 -41.679
10.217 -41.325
10.240 -40.964
10.263 -40.614
10.286 -40.322
10.310 -39.995
10.333 -39.696
10.356 -38.962
10.379 -39.290
10.403 -39.559
10.426 -39.778
10.449 -40.766
10.472 -40.466
10.495 -39.246
10.519 -39.525
10.542 -40.335
10.565 -40.157
10.588 -40.983
10.612 -39.798
10.635 -37.597
10.658 -36.713
10.681 -36.354
10.704 -36.706
10.728 -37.137
10.751 -37.684
10.774 -36.944
10.797 -36.536
10.820 -25.197
10.844 -15.124
10.867 -11.513
10.890 -11.506
10.913 -12.996
10.937 -10.162
10.960 -9.084
10.983 -11.915
11.006 -19.873
11.029 -33.017
11.053 -32.959
11.076 -24.150
11.099 -18.622
11.122 -18.866
11.146 -22.756
11.169 -29.919
11.192 -31.266
11.215 -31.260
11.238 -26.631
11.262 -23.288
11.285 -29.123
11.308 -37.592
11.331 -39.712
11.355 -31.737
11.378 -22.169
11.401 -19.474
11.424 -22.124
11.447 -28.653
11.471 -30.476
11.494 -33.680
11.517 -31.488
11.540 -30.570
11.564 -33.978
11.587 -44.552
11.610 -49.030
11.633 -47.759
11.656 -41.691
11.680 -40.445
11.703 -41.160
11.726 -31.966
11.749 -26.013
11.773 -24.599
11.796 -24.225
11.819 -27.724
11.842 -35.455
11.865 -32.025
11.889 -27.887
11.912 -25.916
11.935 -26.912
11.958 -27.969
11.981 -32.523
12.005 -37.439
12.028 -38.447
12.051 -41.510
12.074 -43.780
12.098 -43.651
12.121 -41.582
12.144 -37.475
12.167 -31.216
12.190 -27.817
12.214 -28.877
12.237 -34.385
12.260 -33.099
12.283 -30.370
12.307 -32.700
12.330 -40.637
12.353 -45.141
12.376 -38.347
12.399 -30.703
12.423 -28.200
12.446 -27.464
12.469 -27.180
12.492 -30.505
12.516 -39.576
12.539 -42.888
12.562 -40.228
12.585 -34.856
12.608 -31.548
12.632 -31.272
12.655 -35.924
12.678 -43.026
12.701 -42.208
12.725 -38.726
12.748 -39.540
12.771 -41.151
12.794 -39.861
12.817 -35.298
12.841 -32.454
12.864 -32.690
12.887 -35.926
12.910 -45.254
12.934 -54.188
12.957 -52.765
12.980 -54.858
13.003 -57.987
13.026 -53.353
13.050 -43.467
13.073 -38.144
13.096 -38.248
13.119 -41.447
13.142 -44.571
13.166 -45.155
13.189 -46.382
13.212 -52.389
13.235 -55.671
13.259 -51.616
13.282 -50.428
13.305 -48.401
13.328 -48.326
13.351 -51.193
13.375 -55.504
13.398 -53.954
13.421 -58.321
13.444 -59.225
13.468 -56.288
13.491 -50.507
13.514 -45.009
13.537 -44.169
13.560 -42.898
13.584 -42.065
13.607 -42.345
13.630 -41.290
13.653 -42.453
13.677 -46.763
13.700 -50.162
13.723 -46.640
13.746 -43.316
13.769 -42.459
13.793 -41.041
13.816 -41.880
13.839 -45.087
13.862 -45.993
13.886 -44.056
13.909 -45.269
13.932 -46.098
13.955 -43.526
13.978 -41.571
14.002 -40.428
14.025 -40.036
14.048 -40.855
14.071 -42.751
14.095 -43.309
14.118 -43.501
14.141 -47.963
14.164 -49.892
14.187 -48.350
14.211 -47.648
14.234 -46.992
14.257 -47.462
14.280 -54.925
14.303 -58.597
14.327 -56.123
14.350 -53.598
14.373 -49.829
14.396 -47.801
14.420 -49.802
14.443 -51.315
14.466 -53.227
14.489 -53.213
14.512 -52.678
14.536 -53.370
14.559 -49.496
14.582 -46.269
14.605 -44.756
14.629 -47.388
14.652 -54.212
14.675 -55.927
14.698 -49.953
14.721 -48.071
14.745 -48.620
14.768 -47.526
14.791 -46.829
14.814 -46.623
14.838 -47.183
14.861 -51.112
14.884 -49.953
14.907 -50.030
14.930 -47.330
14.954 -44.114
14.977 -44.462
15.000 -45.979
15.023 -47.556
15.047 -47.086
15.070 -46.946
15.093 -48.039
15.116 -48.024
15.139 -46.922
15.163 -45.634
15.186 -45.683
15.209 -45.698
15.232 -45.041
15.256 -43.058
15.279 -44.381
15.302 -45.885
15.325 -50.269
15.348 -57.515
15.372 -57.363
15.395 -59.109
15.418 -56.783
15.441 -55.497
15.464 -55.584
15.488 -57.046
15.511 -54.559
15.534 -53.301
15.557 -54.763
15.581 -57.564
15.604 -58.030
15.627 -56.338
15.650 -55.163
15.673 -52.086
15.697 -51.305
15.720 -52.758
15.743 -52.472
15.766 -52.515
15.790 -55.542
15.813 -59.569
15.836 -53.493
15.859 -50.147
15.882 -50.839
15.906 -53.729
15.929 -52.458
15.952 -49.048
15.975 -49.730
15.999 -51.833
16.022 -48.265
16.045 -45.043
16.068 -46.622
16.091 -47.741
16.115 -45.722
16.138 -43.743
16.161 -44.128
16.184 -44.231
16.208 -43.693
16.231 -43.285
16.254 -45.095
16.277 -46.845
16.300 -47.237
16.324 -44.914
16.347 -43.248
16.370 -42.740
16.393 -42.077
16.417 -39.903
16.440 -40.088
16.463 -42.192
16.486 -44.290
16.509 -43.954
16.533 -45.889
16.556 -47.422
16.579 -45.378
16.602 -42.817
16.625 -41.171
16.649 -41.109
16.672 -39.746
16.695 -39.591
16.718 -38.911
16.742 -39.475
16.765 -41.575
16.788 -42.951
16.811 -43.659
16.834 -44.659
16.858 -44.792
16.881 -42.236
16.904 -40.236
16.927 -40.156
16.951 -39.746
16.974 -39.674
16.997 -40.532
17.020 -42.733
17.043 -44.421
17.067 -44.227
17.090 -43.925
17.113 -43.119
17.136 -41.803
17.160 -40.186
17.183 -39.581
17.206 -40.215
17.229 -40.663
17.252 -41.081
17.276 -42.037
17.299 -43.005
17.322 -42.555
17.345 -42.124
17.369 -42.665
17.392 -42.268
17.415 -40.793
17.438 -39.198
17.461 -38.985
17.485 -38.583
17.508 -37.483
17.531 -37.297
17.554 -38.166
17.578 -40.115
17.601 -41.656
17.624 -42.397
17.647 -41.901
17.670 -41.265
17.694 -40.175
17.717 -42.578
17.740 -51.175
17.763 -54.741
17.786 -54.449
17.810 -53.873
17.833 -51.990
17.856 -49.399
17.879 -48.369
17.903 -48.635
17.926 -47.931
17.949 -47.615
17.972 -47.136
17.995 -46.051
18.019 -50.437
18.042 -60.025
18.065 -62.967
18.088 -59.768
18.112 -55.327
18.135 -54.522
18.158 -55.581
18.181 -56.824
18.204 -55.525
18.228 -53.163
18.251 -49.956
18.274 -47.495
18.297 -46.096
18.321 -45.692
18.344 -45.106
18.367 -47.350
18.390 -46.440
18.413 -45.615
18.437 -43.631
18.460 -43.299
18.483 -44.118
18.506 -43.329
18.530 -42.980
18.553 -42.583
18.576 -40.893
18.599 -41.705
18.622 -45.684
18.646 -45.568
18.669 -43.109
18.692 -43.255
18.715 -44.214
18.739 -46.289
18.762 -46.995
18.785 -42.545
18.808 -40.256
18.831 -40.202
18.855 -38.911
18.878 -40.194
18.901 -42.815
18.924 -48.311
18.947 -54.580
18.971 -52.968
18.994 -50.695
19.017 -49.974
19.040 -49.166
19.064 -49.136
19.087 -50.553
19.110 -51.076
19.133 -50.177
19.156 -50.269
19.180 -50.682
19.203 -50.693
19.226 -52.228
19.249 -54.092
19.273 -56.398
19.296 -62.771
19.319 -64.714
19.342 -56.327
19.365 -49.300
19.389 -47.353
19.412 -45.691
19.435 -45.609
19.458 -46.028
19.482 -47.456
19.505 -50.525
19.528 -50.804
19.551 -47.729
19.574 -45.720
19.598 -44.824
19.621 -43.862
19.644 -44.443
19.667 -47.698
19.691 -52.639
19.714 -49.179
19.737 -44.264
19.760 -44.262
19.783 -46.302
19.807 -44.224
19.830 -44.423
19.853 -46.064
19.876 -46.749
19.900 -44.308
19.923 -41.905
19.946 -42.788
19.969 -43.290
19.992 -43.373
20.016 -42.044
20.039 -41.505
20.062 -43.366
20.085 -42.224
20.108 -41.445
20.132 -49.277
20.155 -53.858
20.178 -52.416
20.201 -52.819
20.225 -52.283
20.248 -53.975
20.271 -56.827
20.294 -60.711
20.317 -56.964
20.341 -53.799
20.364 -49.705
20.387 -45.263
20.410 -35.181
20.434 -18.709
20.457 -11.861
20.480 -10.550
20.503 -12.052
20.526 -12.124
20.550 -9.980
20.573 -11.480
20.596 -17.194
20.619 -27.029
20.643 -32.196
20.666 -27.466
20.689 -22.300
20.712 -20.861
20.735 -23.112
20.759 -31.338
20.782 -35.641
20.805 -30.251
20.828 -27.986
20.852 -25.771
20.875 -28.597
20.898 -31.999
20.921 -29.465
20.944 -32.132
20.968 -27.626
20.991 -24.693
21.014 -25.181
21.037 -29.520
21.060 -28.365
21.084 -29.861
21.107 -34.636
21.130 -33.118
21.153 -33.766
21.177 -36.572
21.200 -42.614
21.223 -44.291
21.246 -38.475
21.269 -33.000
21.293 -34.288
21.316 -37.141
21.339 -32.015
21.362 -30.250
21.386 -27.905
21.409 -26.147
21.432 -27.908
21.455 -25.832
21.478 -24.476
21.502 -25.138
21.525 -28.166
21.548 -30.954
21.571 -32.394
21.595 -32.025
21.618 -27.749
21.641 -26.449
21.664 -28.343
21.687 -29.092
21.711 -31.351
21.734 -31.674
21.757 -32.210
21.780 -32.089
21.804 -31.212
21.827 -35.172
21.850 -36.749
21.873 -34.490
21.896 -34.993
21.920 -34.098
21.943 -31.656
21.966 -29.325
21.989 -30.295
22.013 -32.319
22.036 -33.155
22.059 -33.143
22.082 -34.271
22.105 -39.897
22.129 -38.894
22.152 -38.534
22.175 -40.254
22.198 -37.427
22.221 -36.463
22.245 -40.101
22.268 -44.062
22.291 -44.800
22.314 -47.444
22.338 -43.047
22.361 -39.852
22.384 -39.227
22.407 -39.153
22.430 -43.566
22.454 -41.604
22.477 -41.146
22.500 -43.698
22.523 -44.982
22.547 -50.337
22.570 -52.453
22.593 -49.398
22.616 -46.679
22.639 -43.534
22.663 -37.894
22.686 -36.919
22.709 -41.436
22.732 -47.404
22.756 -46.419
22.779 -47.474
22.802 -47.614
22.825 -50.202
22.848 -52.051
22.872 -48.176
22.895 -44.899
22.918 -45.704
22.941 -41.695
22.965 -40.493
22.988 -42.159
23.011 -40.575
23.034 -41.239
23.057 -38.866
23.081 -43.418
23.104 -45.232
23.127 -46.385
23.150 -47.010
23.174 -44.338
23.197 -43.182
23.220 -45.555
23.243 -47.474
23.266 -45.510
23.290 -45.810
23.313 -44.355
23.336 -44.103
23.359 -42.234
23.382 -41.964
23.406 -45.489
23.429 -50.566
23.452 -48.679
23.475 -47.698
23.499 -48.651
23.522 -47.171
23.545 -46.966
23.568 -49.009
23.591 -53.042
23.615 -48.656
23.638 -43.382
23.661 -40.153
23.684 -37.478
23.708 -38.835
23.731 -38.565
23.754 -42.161
23.777 -42.138
23.800 -38.955
23.824 -37.705
23.847 -36.172
23.870 -37.175
23.893 -43.384
23.917 -43.656
23.940 -42.762
23.963 -41.086
23.986 -39.767
24.009 -43.639
24.033 -49.136
24.056 -53.113
24.079 -49.726
24.102 -51.721
24.126 -46.727
24.149 -47.762
24.172 -46.331
24.195 -47.159
24.218 -45.710
24.242 -47.313
24.265 -48.643
24.288 -49.456
24.311 -48.472
24.335 -45.295
24.358 -43.885
24.381 -44.400
24.404 -42.225
24.427 -40.900
24.451 -42.051
24.474 -44.380
24.497 -44.161
24.520 -42.763
24.543 -43.485
24.567 -43.545
24.590 -46.428
24.613 -43.508
24.636 -45.777
24.660 -46.960
24.683 -47.859
24.706 -47.030
24.729 -46.238
24.752 -47.374
24.776 -48.135
24.799 -51.130
24.822 -51.177
24.845 -51.653
24.869 -46.666
24.892 -43.433
24.915 -42.289
24.938 -47.632
24.961 -50.135
24.985 -48.658
25.008 -46.085
25.031 -43.051
25.054 -41.400
25.078 -41.608
25.101 -44.209
25.124 -44.466
25.147 -45.585
25.170 -44.322
25.194 -43.570
25.217 -45.957
25.240 -54.949
25.263 -55.417
25.287 -54.149
25.310 -53.492
25.333 -55.685
25.356 -52.375
25.379 -45.808
25.403 -45.023
25.426 -47.456
25.449 -50.383
25.472 -45.590
25.496 -40.910
25.519 -41.289
25.542 -45.628
25.565 -43.743
25.588 -38.127
25.612 -36.703
25.635 -40.393
25.658 -39.594
25.681 -36.717
25.704 -35.521
25.728 -38.922
25.751 -40.986
25.774 -40.748
25.797 -40.728
25.821 -44.051
25.844 -48.890
25.867 -48.418
25.890 -45.971
25.913 -44.943
25.937 -51.341
25.960 -49.901
25.983 -49.490
26.006 -47.511
26.030 -46.342
26.053 -44.875
26.076 -43.380
26.099 -41.163
26.122 -42.637
26.146 -44.183
26.169 -46.641
26.192 -44.510
26.215 -44.851
26.239 -45.893
26.262 -45.495
26.285 -44.969
26.308 -42.969
26.331 -46.032
26.355 -41.159
26.378 -40.201
26.401 -38.865
26.424 -40.235
26.448 -46.038
26.471 -45.021
26.494 -46.638
26.517 -44.324
26.540 -44.849
26.564 -44.647
26.587 -42.785
26.610 -40.911
26.633 -43.497
26.657 -39.970
26.680 -39.784
26.703 -38.912
26.726 -38.072
26.749 -38.847
26.773 -36.765
26.796 -36.391
26.819 -35.545
26.842 -35.712
26.865 -36.112
26.889 -36.326
26.912 -36.897
26.935 -36.628
26.958 -36.092
26.982 -36.848
27.005 -36.790
27.028 -43.318
27.051 -44.693
27.074 -43.905
27.098 -47.088
27.121 -46.305
27.144 -48.911
27.167 -45.942
27.191 -44.073
27.214 -45.894
27.237 -43.500
27.260 -44.066
27.283 -41.747
27.307 -43.730
27.330 -45.964
27.353 -49.509
27.376 -51.513
27.400 -50.770
27.423 -49.366
27.446 -47.731
27.469 -45.147
27.492 -46.830
27.516 -45.724
27.539 -45.473
27.562 -45.225
27.585 -44.716
27.609 -47.380
27.632 -53.536
27.655 -55.121
27.678 -54.369
27.701 -51.752
27.725 -47.469
27.748 -46.605
27.771 -41.715
27.794 -43.780
27.818 -44.592
27.841 -41.960
27.864 -40.331
27.887 -39.752
27.910 -42.483
27.934 -43.201
27.957 -39.625
27.980 -35.541
28.003 -34.340
28.026 -34.123
28.050 -34.499
28.073 -35.661
28.096 -39.609
28.119 -41.283
28.143 -42.206
28.166 -43.824
28.189 -41.038
28.212 -38.609
28.235 -41.844
28.259 -42.291
28.282 -39.989
28.305 -38.604
28.328 -38.619
28.352 -39.832
28.375 -40.630
28.398 -42.067
28.421 -39.592
28.444 -39.512
28.468 -39.206
28.491 -38.734
28.514 -40.379
28.537 -46.239
28.561 -47.402
28.584 -42.628
28.607 -42.023
28.630 -39.609
28.653 -41.307
28.677 -41.579
28.700 -45.637
28.723 -46.073
28.746 -43.106
28.770 -42.591
28.793 -41.987
28.816 -48.515
28.839 -53.519
28.862 -52.018
28.886 -50.147
28.909 -47.410
28.932 -47.428
28.955 -49.878
28.979 -48.721
29.002 -48.123
29.025 -46.632
29.048 -45.603
29.071 -43.699
29.095 -43.966
29.118 -43.250
29.141 -38.936
29.164 -37.542
29.187 -36.273
29.211 -38.554
29.234 -37.294
29.257 -39.116
29.280 -41.257
29.304 -39.715
29.327 -35.844
29.350 -37.733
29.373 -34.977
29.396 -32.973
29.420 -33.371
29.443 -32.502
29.466 -36.088
29.489 -40.219
29.513 -44.733
29.536 -47.409
29.559 -48.561
29.582 -52.534
29.605 -50.940
29.629 -48.373
29.652 -47.726
29.675 -40.754
29.698 -45.203
29.722 -40.327
29.745 -42.745
29.768 -45.107
29.791 -44.520
29.814 -46.536
29.838 -46.799
29.861 -44.056
29.884 -47.878
29.907 -48.396
29.931 -46.997
29.954 -45.798
29.977 -46.725
30.000 -27.125
30.023 -13.697
30.047 -5.666
30.070 -2.253
30.093 -1.938
30.116 -3.833
30.140 -6.047
30.163 -7.914
30.186 -6.379
30.209 -7.175
30.232 -8.446
30.256 -7.545
30.279 -7.282
30.302 -6.031
30.325 -4.697
30.348 -4.857
30.372 -6.509
30.395 -9.042
30.418 -10.236
30.441 -9.189
30.465 -10.449
30.488 -11.587
30.511 -10.839
30.534 -10.718
30.557 -9.546
30.581 -8.963
30.604 -8.783
30.627 -13.476
30.650 -12.570
30.674 -8.695
30.697 -7.117
30.720 -5.827
30.743 -5.727
30.766 -8.486
30.790 -12.328
30.813 -10.927
30.836 -9.222
30.859 -7.182
30.883 -6.406
30.906 -6.349
30.929 -7.537
30.952 -6.843
30.975 -4.516
30.999 -2.491
31.022 -2.730
31.045 -5.587
31.068 -12.187
31.092 -13.112
31.115 -11.187
31.138 -10.960
31.161 -9.312
31.184 -8.426
31.208 -8.371
31.231 -11.721
31.254 -11.476
31.277 -10.637
31.300 -9.781
31.324 -8.047
31.347 -7.017
31.370 -10.884
31.393 -15.908
31.417 -14.773
31.440 -12.593
31.463 -9.485
31.486 -7.830
31.509 -7.831
31.533 -11.467
31.556 -12.752
31.579 -13.258
31.602 -14.493
31.626 -13.321
31.649 -10.981
31.672 -11.482
31.695 -10.973
31.718 -10.441
31.742 -9.705
31.765 -8.233
31.788 -7.698
31.811 -6.940
31.835 -10.624
31.858 -13.436
31.881 -14.328
31.904 -12.685
31.927 -10.799
31.951 -10.271
31.974 -10.791
31.997 -9.865
32.020 -8.832
32.044 -7.937
32.067 -7.496
32.090 -7.393
32.113 -7.254
32.136 -8.616
32.160 -9.053
32.183 -8.853
32.206 -7.666
32.229 -7.010
32.253 -8.576
32.276 -11.820
32.299 -11.244
32.322 -11.377
32.345 -11.001
32.369 -10.063
32.392 -9.625
32.415 -9.695
32.438 -10.631
32.461 -9.551
32.485 -8.618
32.508 -8.116
32.531 -7.421
32.554 -8.134
32.578 -12.944
32.601 -15.078
32.624 -14.161
32.647 -12.685
32.670 -11.414
32.694 -10.691
32.717 -12.091
32.740 -14.283
32.763 -14.431
32.787 -12.364
32.810 -12.019
32.833 -11.965
32.856 -11.488
32.879 -11.583
32.903 -11.546
32.926 -10.736
32.949 -9.123
32.972 -7.563
32.996 -6.458
33.019 -9.218
33.042 -12.325
33.065 -12.107
33.088 -11.075
33.112 -10.576
33.135 -10.378
33.158 -10.472
33.181 -11.193
33.205 -10.791
33.228 -10.385
33.251 -9.416
33.274 -8.822
33.297 -8.358
33.321 -10.830
33.344 -14.345
33.367 -13.857
33.390 -13.316
33.414 -12.131
33.437 -11.150
33.460 -11.390
33.483 -12.476
33.506 -12.089
33.530 -10.756
33.553 -9.272
33.576 -8.459
33.599 -8.253
33.622 -10.902
33.646 -12.603
33.669 -11.805
33.692 -11.392
33.715 -10.632
33.739 -9.453
33.762 -9.655
33.785 -12.634
33.808 -12.621
33.831 -13.061
33.855 -12.770
33.878 -12.215
33.901 -12.139
33.924 -13.933
33.948 -14.378
33.971 -12.955
33.994 -12.049
34.017 -11.905
34.040 -11.541
34.064 -12.339
34.087 -15.833
34.110 -15.922
34.133 -14.420
34.157 -12.706
34.180 -12.494
34.203 -10.980
34.226 -10.467
34.249 -10.454
34.273 -9.740
34.296 -9.728
34.319 -9.975
34.342 -9.705
34.366 -9.020
34.389 -9.805
34.412 -10.202
34.435 -10.394
34.458 -9.481
34.482 -9.083
34.505 -9.171
34.528 -12.418
34.551 -13.651
34.575 -13.577
34.598 -13.111
34.621 -12.879
34.644 -12.323
34.667 -10.989
34.691 -9.966
34.714 -9.279
34.737 -9.224
34.760 -8.522
34.783 -8.229
34.807 -8.619
34.830 -12.141
34.853 -15.034
34.876 -15.325
34.900 -15.249
34.923 -15.022
34.946 -14.238
34.969 -14.701
34.992 -14.149
35.016 -12.058
35.039 -11.570
35.062 -10.608
35.085 -9.251
35.109 -9.146
35.132 -12.497
35.155 -15.122
35.178 -14.743
35.201 -14.018
35.225 -13.650
35.248 -13.712
35.271 -14.504
35.294 -16.398
35.318 -16.672
35.341 -16.667
35.364 -17.020
35.387 -15.033
35.410 -14.022
35.434 -11.234
35.457 -10.821
35.480 -10.913
35.503 -9.964
35.527 -9.024
35.550 -9.109
35.573 -12.232
35.596 -14.372
35.619 -14.330
35.643 -13.250
35.666 -12.677
35.689 -10.869
35.712 -10.293
35.736 -10.167
35.759 -10.766
35.782 -11.064
35.805 -11.247
35.828 -10.546
35.852 -10.971
35.875 -14.491
35.898 -16.108
35.921 -16.287
35.944 -15.626
35.968 -16.438
35.991 -15.697
36.014 -15.406
36.037 -14.460
36.061 -14.561
36.084 -14.278
36.107 -14.179
36.130 -13.779
36.153 -13.899
36.177 -14.721
36.200 -13.991
36.223 -14.176
36.246 -13.359
36.270 -13.654
36.293 -12.210
36.316 -11.725
36.339 -12.379
36.362 -12.233
36.386 -12.265
36.409 -12.348
36.432 -12.115
36.455 -13.533
36.479 -16.924
36.502 -16.064
36.525 -16.772
36.548 -16.457
36.571 -16.229
36.595 -15.058
36.618 -14.400
36.641 -15.113
36.664 -14.674
36.688 -14.510
36.711 -14.719
36.734 -13.352
36.757 -12.431
36.780 -11.774
36.804 -10.920
36.827 -11.343
36.850 -10.234
36.873 -9.635
36.897 -9.786
36.920 -9.073
36.943 -8.784
36.966 -8.737
36.989 -9.208
37.013 -9.504
37.036 -8.827
37.059 -9.115
37.082 -10.960
37.105 -11.317
37.129 -11.444
37.152 -11.817
37.175 -11.242
37.198 -12.268
37.222 -13.634
37.245 -16.924
37.268 -16.165
37.291 -16.839
37.314 -16.018
37.338 -14.943
37.361 -14.712
37.384 -13.253
37.407 -11.903
37.431 -12.151
37.454 -13.076
37.477 -13.398
37.500 -13.674
37.523 -13.816
37.547 -13.567
37.570 -12.741
37.593 -11.990
37.616 -12.742
37.640 -13.142
37.663 -14.106
37.686 -17.131
37.709 -16.384
37.732 -17.541
37.756 -17.366
37.779 -17.029
37.802 -16.708
37.825 -13.597
37.849 -10.866
37.872 -10.615
37.895 -11.001
37.918 -10.986
37.941 -11.343
37.965 -13.503
37.988 -14.222
38.011 -13.599
38.034 -13.648
38.058 -13.577
38.081 -13.880
38.104 -13.971
38.127 -15.126
38.150 -15.614
38.174 -15.441
38.197 -15.815
38.220 -15.753
38.243 -15.759
38.266 -14.059
38.290 -10.996
38.313 -10.334
38.336 -10.341
38.359 -11.252
38.383 -11.861
38.406 -13.032
38.429 -12.180
38.452 -10.316
38.475 -9.951
38.499 -9.854
38.522 -9.788
38.545 -9.693
38.568 -9.783
38.592 -9.403
38.615 -9.167
38.638 -9.577
38.661 -9.361
38.684 -9.646
38.708 -9.937
38.731 -12.152
38.754 -13.512
38.777 -14.074
38.801 -14.270
38.824 -14.334
38.847 -14.099
38.870 -12.719
38.893 -11.030
38.917 -9.836
38.940 -9.167
38.963 -9.493
38.986 -10.312
39.010 -11.690
39.033 -11.822
39.056 -10.316
39.079 -9.703
39.102 -9.729
39.126 -9.871
39.149 -9.937
39.172 -10.677
39.195 -11.342
39.219 -11.791
39.242 -12.151
39.265 -12.563
39.288 -12.723
39.311 -13.781
39.335 -14.438
39.358 -13.519
39.381 -13.266
39.404 -13.558
39.427 -14.215
39.451 -13.660
39.474 -12.612
39.497 -12.899
39.520 -13.332
39.544 -13.246
39.567 -13.052
39.590 -12.694
39.613 -12.328
39.636 -6.532
39.660 -1.521
39.683 -0.251
39.706 -1.594
39.729 -4.111
39.753 -6.309
39.776 -9.180
39.799 -11.478
39.822 -15.051
39.845 -15.459
39.869 -15.798
39.892 -13.881
39.915 -10.296
39.938 -7.096
39.962 -9.085
39.985 -11.817
40.008 -16.384
40.031 -16.530
40.054 -15.242
40.078 -11.055
40.101 -10.065
40.124 -10.053
40.147 -10.894
40.171 -11.562
40.194 -10.912
40.217 -13.480
40.240 -19.068
40.263 -16.796
40.287 -14.863
40.310 -13.154
40.333 -12.410
40.356 -13.004
40.380 -11.310
40.403 -10.560
40.426 -10.171
40.449 -9.465
40.472 -9.216
40.496 -8.958
40.519 -9.137
40.542 -7.529
40.565 -6.616
40.588 -5.207
40.612 -4.819
40.635 -7.630
40.658 -13.002
40.681 -13.823
40.705 -12.594
40.728 -13.615
40.751 -14.317
40.774 -13.987
40.797 -12.275
40.821 -11.346
40.844 -10.664
40.867 -10.661
40.890 -11.093
40.914 -10.459
40.937 -9.542
40.960 -10.586
40.983 -12.774
41.006 -13.371
41.030 -13.627
41.053 -12.711
41.076 -12.627
41.099 -12.377
41.123 -11.884
41.146 -11.430
41.169 -12.113
41.192 -15.540
41.215 -18.527
41.239 -17.040
41.262 -14.117
41.285 -11.656
41.308 -11.642
41.332 -11.980
41.355 -11.061
41.378 -10.731
41.401 -9.305
41.424 -9.104
41.448 -9.822
41.471 -11.048
41.494 -11.643
41.517 -11.071
41.540 -10.759
41.564 -12.839
41.587 -14.083
41.610 -14.170
41.633 -13.732
41.657 -13.291
41.680 -14.260
41.703 -12.690
41.726 -10.170
41.749 -9.509
41.773 -9.819
41.796 -9.624
41.819 -10.414
41.842 -12.140
41.866 -14.924
41.889 -14.072
41.912 -13.854
41.935 -14.147
41.958 -12.310
41.982 -11.525
42.005 -11.285
42.028 -15.272
42.051 -16.815
42.075 -16.150
42.098 -16.655
42.121 -16.836
42.144 -16.779
42.167 -13.941
42.191 -10.783
42.214 -9.829
42.237 -10.346
42.260 -10.071
42.284 -10.388
42.307 -11.077
42.330 -12.923
42.353 -13.792
42.376 -13.565
42.400 -13.239
42.423 -12.998
42.446 -12.825
42.469 -11.587
42.493 -11.244
42.516 -11.123
42.539 -11.339
42.562 -11.864
42.585 -11.829
42.609 -11.720
42.632 -12.349
42.655 -11.305
42.678 -10.717
42.701 -10.999
42.725 -11.838
42.748 -12.789
42.771 -13.244
42.794 -12.520
42.818 -13.870
42.841 -14.529
42.864 -13.931
42.887 -13.574
42.910 -13.609
42.934 -14.549
42.957 -14.668
42.980 -14.952
43.003 -14.596
43.027 -14.659
43.050 -15.314
43.073 -14.544
43.096 -13.447
43.119 -12.860
43.143 -11.924
43.166 -11.142
43.189 -11.435
43.212 -13.052
43.236 -15.034
43.259 -14.629
43.282 -14.580
43.305 -14.795
43.328 -15.024
43.352 -15.150
43.375 -16.616
43.398 -16.288
43.421 -16.561
43.445 -16.667
43.468 -16.935
43.491 -16.639
43.514 -16.716
43.537 -13.368
43.561 -12.231
43.584 -12.393
43.607 -12.885
43.630 -12.809
43.654 -12.247
43.677 -14.042
43.700 -16.561
43.723 -17.175
43.746 -17.858
43.770 -18.950
43.793 -18.473
43.816 -15.995
43.839 -12.667
43.862 -12.130
43.886 -12.320
43.909 -12.501
43.932 -12.461
43.955 -12.254
43.979 -14.960
44.002 -16.447
44.025 -16.503
44.048 -17.222
44.071 -17.289
44.095 -17.892
44.118 -16.056
44.141 -12.435
44.164 -11.532
44.188 -11.627
44.211 -12.035
44.234 -11.988
44.257 -11.757
44.280 -12.777
44.304 -13.418
44.327 -13.007
44.350 -13.763
44.373 -14.352
44.397 -14.658
44.420 -12.936
44.443 -10.398
44.466 -9.755
44.489 -9.699
44.513 -10.012
44.536 -10.543
44.559 -11.539
44.582 -11.376
44.606 -11.288
44.629 -11.911
44.652 -12.321
44.675 -12.866
44.698 -12.113
44.722 -12.853
44.745 -14.108
44.768 -14.411
44.791 -14.183
44.815 -14.043
44.838 -13.978
44.861 -15.992
44.884 -17.159
44.907 -16.478
44.931 -16.978
44.954 -16.686
44.977 -17.895
45.000 -16.476
45.023 -14.184
45.047 -13.334
45.070 -13.411
45.093 -13.733
45.116 -13.790
45.140 -13.614
45.163 -14.216
45.186 -12.261
45.209 -11.457
45.232 -12.017
45.256 -11.543
45.279 -11.652
45.302 -11.515
45.325 -10.899
45.349 -10.504
45.372 -10.232
45.395 -10.247
45.418 -11.004
45.441 -11.355
45.465 -13.537
45.488 -15.038
45.511 -14.381
45.534 -14.843
45.558 -15.689
45.581 -16.284
45.604 -15.648
45.627 -13.010
45.650 -11.605
45.674 -11.119
45.697 -11.091
45.720 -11.015
45.743 -11.758
45.767 -14.266
45.790 -16.799
45.813 -16.293
45.836 -15.648
45.859 -15.294
45.883 -15.421
45.906 -15.694
45.929 -13.309
45.952 -11.656
45.976 -11.472
45.999 -11.494
46.022 -11.642
46.045 -12.281
46.068 -13.026
46.092 -12.246
46.115 -11.562
46.138 -11.806
46.161 -12.188
46.184 -12.426
46.208 -13.662
46.231 -14.648
46.254 -15.266
46.277 -15.552
46.301 -15.823
46.324 -15.416
46.347 -16.337
46.370 -16.850
46.393 -16.510
46.417 -16.766
46.440 -15.821
46.463 -16.281
46.486 -15.676
46.510 -15.889
46.533 -11.999
46.556 -10.043
46.579 -10.064
46.602 -10.515
46.626 -10.767
46.649 -10.774
46.672 -11.379
46.695 -11.277
46.719 -11.866
46.742 -11.758
46.765 -12.421
46.788 -11.656
46.811 -11.921
46.835 -10.972
46.858 -9.864
46.881 -8.844
46.904 -9.793
46.928 -9.683
46.951 -10.141
46.974 -14.914
46.997 -17.221
47.020 -16.784
47.044 -16.363
47.067 -16.027
47.090 -16.457
47.113 -16.285
47.137 -13.261
47.160 -13.221
47.183 -13.230
47.206 -12.787
47.229 -12.375
47.253 -13.590
47.276 -15.535
47.299 -15.848
47.322 -16.149
47.345 -16.223
47.369 -16.295
47.392 -15.731
47.415 -14.703
47.438 -12.749
47.462 -12.553
47.485 -12.133
47.508 -12.757
47.531 -12.240
47.554 -13.105
47.578 -15.348
47.601 -14.903
47.624 -15.287
47.647 -15.723
47.671 -15.447
47.694 -15.419
47.717 -15.811
47.740 -16.091
47.763 -16.306
47.787 -15.527
47.810 -15.262
47.833 -14.474
47.856 -14.386
47.880 -12.399
47.903 -10.757
47.926 -10.121
47.949 -9.693
47.972 -8.831
47.996 -8.211
48.019 -13.082
48.042 -33.607
48.065 -47.412
48.089 -46.710
48.112 -46.067
48.135 -45.371
48.158 -47.299
48.181 -53.520
48.205 -53.582
48.228 -53.730
48.251 -52.788
48.274 -54.635
48.298 -51.141
48.321 -40.562
48.344 -37.237
48.367 -37.299
48.390 -36.824
48.414 -36.045
48.437 -35.258
48.460 -36.633
48.483 -48.242
48.506 -70.280
48.530 -70.450
48.553 -70.104
48.576 -70.347
48.599 -50.976
48.623 -42.076
48.646 -43.729
48.669 -46.961
48.692 -48.749
48.715 -48.469
48.739 -49.092
48.762 -50.116
48.785 -49.118
48.808 -54.196
48.832 -63.893
48.855 -60.917
48.878 -55.647
48.901 -58.591
48.924 -61.723
48.948 -60.319
48.971 -55.885
48.994 -49.212
49.017 -44.498
49.041 -42.187
49.064 -42.077
49.087 -42.326
49.110 -42.280
49.133 -41.631
49.157 -41.291
49.180 -40.202
49.203 -22.770
49.226 -9.224
49.250 -2.126
49.273 -0.395
49.296 -0.704
49.319 -2.926
49.342 -5.944
49.366 -8.369
49.389 -6.855
49.412 -7.509
49.435 -8.724
49.459 -9.884
49.482 -9.150
49.505 -7.941
49.528 -8.047
49.551 -10.084
49.575 -12.804
49.598 -17.442
49.621 -19.809
49.644 -18.960
49.667 -13.403
49.691 -10.404
49.714 -10.408
49.737 -10.233
49.760 -9.868
49.784 -9.006
49.807 -9.067
49.830 -11.761
49.853 -11.085
49.876 -9.714
49.900 -8.916
49.923 -8.342
49.946 -8.871
49.969 -12.028
49.993 -16.690
50.016 -16.800
50.039 -16.352
50.062 -15.697
50.085 -15.949
50.109 -16.948
50.132 -14.453
50.155 -12.414
50.178 -10.234
50.202 -9.048
50.225 -10.096
50.248 -13.915
50.271 -14.502
50.294 -11.579
50.318 -11.667
50.341 -12.412
50.364 -12.291
50.387 -11.504
50.411 -12.465
50.434 -15.944
50.457 -16.409
50.480 -15.904
50.503 -15.793
50.527 -14.607
50.550 -14.592
50.573 -15.361
50.596 -16.160
50.620 -16.571
50.643 -16.821
50.666 -17.873
50.689 -17.382
50.712 -17.243
50.736 -16.605
50.759 -17.158
50.782 -19.994
50.805 -23.768
50.828 -20.798
50.852 -16.426
50.875 -11.774
50.898 -10.183
50.921 -10.088
50.945 -10.356
50.968 -11.067
50.991 -11.187
51.014 -10.502
51.037 -10.911
51.061 -11.966
51.084 -13.597
51.107 -13.690
51.130 -12.993
51.154 -13.446
51.177 -12.605
51.200 -12.138
51.223 -12.586
51.246 -12.182
51.270 -11.292
51.293 -10.510
51.316 -11.653
51.339 -13.825
51.363 -14.498
51.386 -14.629
51.409 -13.708
51.432 -15.127
51.455 -16.731
51.479 -12.377
51.502 -10.615
51.525 -11.378
51.548 -11.723
51.572 -11.686
51.595 -12.106
51.618 -13.762
51.641 -15.074
51.664 -15.026
51.688 -15.265
51.711 -15.272
51.734 -15.493
51.757 -15.794
51.780 -16.713
51.804 -17.330
51.827 -17.019
51.850 -17.023
51.873 -17.626
51.897 -18.290
51.920 -14.293
51.943 -10.130
51.966 -9.310
51.989 -9.112
52.013 -8.802
52.036 -9.319
52.059 -10.559
52.082 -10.569
52.106 -10.520
52.129 -10.367
52.152 -10.290
52.175 -10.279
52.198 -11.075
52.222 -13.513
52.245 -14.182
52.268 -14.706
52.291 -14.485
52.315 -14.627
52.338 -15.352
52.361 -16.412
52.384 -14.025
52.407 -13.296
52.431 -13.942
52.454 -13.281
52.477 -11.963
52.500 -12.131
52.524 -12.689
52.547 -11.534
52.570 -11.778
52.593 -12.282
52.616 -12.349
52.640 -11.793
52.663 -13.106
52.686 -12.731
52.709 -12.286
52.733 -12.638
52.756 -12.199
52.779 -11.479
52.802 -12.090
52.825 -15.919
52.849 -16.554
52.872 -16.122
52.895 -15.779
52.918 -16.146
52.941 -15.691
52.965 -16.486
52.988 -18.089
53.011 -18.417
53.034 -18.689
53.058 -18.057
53.081 -17.486
53.104 -16.954
53.127 -14.028
53.150 -13.009
53.174 -12.941
53.197 -13.228
53.220 -13.364
53.243 -13.397
53.267 -15.097
53.290 -16.468
53.313 -16.051
53.336 -16.476
53.359 -16.409
53.383 -16.056
53.406 -15.118
53.429 -13.056
53.452 -12.323
53.476 -12.845
53.499 -13.165
53.522 -12.564
53.545 -12.231
53.568 -13.444
53.592 -12.956
53.615 -12.537
53.638 -12.575
53.661 -11.936
53.685 -10.829
53.708 -10.742
53.731 -12.663
53.754 -13.928
53.777 -14.201
53.801 -14.662
53.824 -14.664
53.847 -14.239
53.870 -11.813
53.894 -9.442
53.917 -9.122
53.940 -9.183
53.963 -9.212
53.986 -9.284
54.010 -10.376
54.033 -10.040
54.056 -9.300
54.079 -9.395
54.102 -9.175
54.126 -9.121
54.149 -9.792
54.172 -11.749
54.195 -12.153
54.219 -12.457
54.242 -12.635
54.265 -12.601
54.288 -11.692
54.311 -11.780
54.335 -11.978
54.358 -12.102
54.381 -12.212
54.404 -12.049
54.428 -12.020
54.451 -13.333
54.474 -15.774
54.497 -16.208
54.520 -16.292
54.544 -16.087
54.567 -16.329
54.590 -16.940
54.613 -18.494
54.637 -20.361
54.660 -20.290
54.683 -19.606
54.706 -18.943
54.729 -19.201
54.753 -18.860
54.776 -14.461
54.799 -12.290
54.822 -12.110
54.846 -11.804
54.869 -11.468
54.892 -11.482
54.915 -12.944
54.938 -15.880
54.962 -16.389
54.985 -16.633
55.008 -15.560
55.031 -14.981
55.055 -15.512
55.078 -15.458
55.101 -14.809
55.124 -14.227
55.147 -14.042
55.171 -13.906
55.194 -14.222
55.217 -14.976
55.240 -14.735
55.263 -14.660
55.287 -14.882
55.310 -14.645
55.333 -14.407
55.356 -15.764
55.380 -15.894
55.403 -15.782
55.426 -15.630
55.449 -15.682
55.472 -16.202
55.496 -16.449
55.519 -17.443
55.542 -17.746
55.565 -17.010
55.589 -16.493
55.612 -16.922
55.635 -17.740
55.658 -17.911
55.681 -17.857
55.705 -17.195
55.728 -17.161
55.751 -16.985
55.774 -16.362
55.798 -16.655
55.821 -15.914
55.844 -14.693
55.867 -14.437
55.890 -14.564
55.914 -14.919
55.937 -15.424
55.960 -15.736
55.983 -13.381
56.007 -13.226
56.030 -14.099
56.053 -14.794
56.076 -14.552
56.099 -14.529
56.123 -16.114
56.146 -17.045
56.169 -16.734
56.192 -16.908
56.216 -16.887
56.239 -16.863
56.262 -16.411
56.285 -13.347
56.308 -12.438
56.332 -13.203
56.355 -13.551
56.378 -12.696
56.401 -12.279
56.424 -13.771
56.448 -14.508
56.471 -14.933
56.494 -15.648
56.517 -15.882
56.541 -15.095
56.564 -15.886
56.587 -16.059
56.610 -16.395
56.633 -15.787
56.657 -14.422
56.680 -13.899
56.703 -14.675
56.726 -13.886
56.750 -11.992
56.773 -11.158
56.796 -10.748
56.819 -10.588
56.842 -10.975
56.866 -13.249
56.889 -16.031
56.912 -16.268
56.935 -17.634
56.959 -17.890
56.982 -16.492
57.005 -16.486
57.028 -16.058
57.051 -14.594
57.075 -14.424
57.098 -14.493
57.121 -14.444
57.144 -14.099
57.168 -13.786
57.191 -12.749
57.214 -12.228
57.237 -12.077
57.260 -12.046
57.284 -11.492
57.307 -11.636
57.330 -10.081
57.353 -9.389
57.377 -9.942
57.400 -10.032
57.423 -10.207
57.446 -10.350
57.469 -12.084
57.493 -12.771
57.516 -12.534
57.539 -12.545
57.562 -12.235
57.585 -12.117
57.609 -13.448
57.632 -15.971
57.655 -15.497
57.678 -15.853
57.702 -16.258
57.725 -16.279
57.748 -15.815
57.771 -13.108
57.794 -11.360
57.818 -11.477
57.841 -12.022
57.864 -12.090
57.887 -11.610
57.911 -12.477
57.934 -13.635
57.957 -13.948
57.980 -14.191
58.003 -12.882
58.027 -12.195
58.050 -12.778
58.073 -11.349
58.096 -10.388
58.120 -10.808
58.143 -10.824
58.166 -10.503
58.189 -10.212
58.212 -11.331
58.236 -14.536
58.259 -15.410
58.282 -15.340
58.305 -16.024
58.329 -15.686
58.352 -15.734
58.375 -15.819
58.398 -15.540
58.421 -15.372
58.445 -15.106
58.468 -15.312
58.491 -15.085
58.514 -15.138
58.538 -15.598
58.561 -15.667
58.584 -15.175
58.607 -14.798
58.630 -14.710
58.654 -14.873
58.677 -13.436
58.700 -12.170
58.723 -11.830
58.746 -12.367
58.770 -12.720
58.793 -12.973
58.816 -13.326
58.839 -5.506
58.863 -0.509
58.886 0.000
58.909 -1.473
58.932 -3.964
58.955 -6.771
58.979 -9.473
59.002 -10.881
59.025 -13.822
59.048 -14.045
59.072 -12.942
59.095 -11.520
59.118 -8.172
59.141 -5.869
59.164 -7.807
59.188 -10.134
59.211 -13.468
59.234 -12.440
59.257 -11.993
59.281 -11.402
59.304 -12.053
59.327 -11.868
59.350 -11.567
59.373 -10.880
59.397 -11.569
59.420 -13.320
59.443 -14.316
59.466 -11.968
59.490 -10.756
59.513 -8.896
59.536 -8.634
59.559 -9.880
59.582 -11.927
59.606 -12.793
59.629 -13.124
59.652 -13.273
59.675 -13.427
59.699 -15.346
59.722 -13.708
59.745 -9.632
59.768 -8.412
59.791 -6.780
59.815 -7.125
59.838 -9.865
59.861 -15.507
59.884 -16.849
59.907 -16.099
59.931 -16.913
59.954 -16.894
59.977 -15.911
60.000 -14.775
60.024 -14.721
60.047 -14.256
60.070 -14.596
60.093 -14.364
60.116 -12.812
60.140 -12.074
60.163 -12.551
60.186 -12.561
60.209 -11.965
60.233 -12.013
60.256 -11.812
60.279 -11.130
60.302 -11.444
60.325 -10.530
60.349 -9.447
60.372 -10.793
60.395 -13.386
60.418 -13.843
60.442 -12.706
60.465 -13.005
60.488 -15.271
60.511 -16.386
60.534 -16.768
60.558 -16.575
60.581 -16.352
60.604 -14.711
60.627 -11.482
60.651 -10.419
60.674 -11.180
60.697 -12.044
60.720 -11.668
60.743 -11.608
60.767 -15.223
60.790 -19.099
60.813 -19.476
60.836 -18.282
60.860 -17.203
60.883 -17.712
60.906 -16.937
60.929 -13.884
60.952 -12.575
60.976 -12.587
60.999 -12.681
61.022 -12.324
61.045 -14.231
61.068 -15.189
61.092 -11.899
61.115 -11.693
61.138 -12.364
61.161 -12.293
61.185 -13.252
61.208 -14.727
61.231 -16.459
61.254 -15.758
61.277 -15.848
61.301 -16.889
61.324 -16.724
61.347 -16.202
61.370 -16.267
61.394 -15.638
61.417 -16.129
61.440 -17.012
61.463 -16.939
61.486 -17.195
61.510 -17.895
61.533 -17.736
61.556 -18.012
61.579 -18.257
61.603 -18.114
61.626 -18.379
61.649 -18.829
61.672 -14.520
61.695 -11.393
61.719 -11.063
61.742 -11.167
61.765 -10.906
61.788 -10.813
61.812 -11.625
61.835 -10.813
61.858 -9.514
61.881 -9.533
61.904 -9.933
61.928 -9.905
61.951 -10.255
61.974 -14.500
61.997 -18.020
62.020 -18.720
62.044 -18.265
62.067 -17.881
62.090 -18.602
62.113 -16.949
62.137 -12.401
62.160 -12.157
62.183 -11.915
62.206 -12.381
62.229 -12.781
62.253 -13.840
62.276 -15.149
62.299 -13.986
62.322 -13.531
62.346 -13.305
62.369 -14.075
62.392 -14.715
62.415 -16.767
62.438 -18.244
62.462 -17.637
62.485 -17.351
62.508 -17.563
62.531 -17.543
62.555 -17.171
62.578 -14.689
62.601 -12.607
62.624 -12.830
62.647 -12.797
62.671 -12.277
62.694 -12.748
62.717 -12.415
62.740 -13.521
62.764 -13.854
62.787 -14.265
62.810 -14.338
62.833 -14.199
62.856 -14.901
62.880 -16.461
62.903 -17.671
62.926 -17.425
62.949 -17.281
62.973 -17.240
62.996 -17.971
63.019 -17.316
63.042 -14.193
63.065 -13.442
63.089 -13.284
63.112 -12.796
63.135 -12.788
63.158 -12.979
63.181 -13.465
63.205 -13.424
63.228 -14.216
63.251 -14.521
63.274 -14.189
63.298 -14.285
63.321 -13.710
63.344 -12.439
63.367 -12.616
63.390 -12.796
63.414 -12.881
63.437 -12.928
63.460 -11.741
63.483 -10.370
63.507 -10.005
63.530 -10.855
63.553 -11.023
63.576 -9.912
63.599 -9.887
63.623 -13.022
63.646 -15.286
63.669 -15.278
63.692 -15.353
63.716 -15.151
63.739 -15.319
63.762 -15.049
63.785 -12.221
63.808 -11.787
63.832 -12.016
63.855 -12.513
63.878 -12.789
63.901 -13.355
63.925 -15.457
63.948 -16.583
63.971 -17.102
63.994 -17.222
64.017 -17.733
64.041 -18.378
64.064 -18.018
64.087 -15.112
64.110 -14.232
64.134 -14.196
64.157 -14.367
64.180 -14.830
64.203 -15.554
64.226 -17.704
64.250 -17.494
64.273 -17.298
64.296 -17.116
64.319 -16.814
64.342 -16.691
64.366 -15.939
64.389 -14.086
64.412 -13.362
64.435 -13.043
64.459 -12.967
64.482 -12.903
64.505 -13.326
64.528 -15.695
64.551 -17.078
64.575 -16.382
64.598 -16.984
64.621 -17.991
64.644 -17.415
64.668 -16.981
64.691 -15.740
64.714 -15.920
64.737 -16.115
64.760 -16.013
64.784 -15.898
64.807 -16.677
64.830 -17.236
64.853 -16.746
64.877 -16.931
64.900 -16.768
64.923 -15.908
64.946 -15.842
64.969 -14.636
64.993 -12.558
65.016 -12.519
65.039 -12.559
65.062 -12.650
65.086 -12.874
65.109 -14.433
65.132 -17.015
65.155 -16.864
65.178 -17.040
65.202 -17.682
65.225 -17.570
65.248 -18.064
65.271 -19.376
65.295 -19.280
65.318 -19.334
65.341 -19.149
65.364 -18.439
65.387 -18.590
65.411 -16.729
65.434 -11.232
65.457 -9.448
65.480 -9.624
65.503 -9.460
65.527 -9.255
65.550 -10.192
65.573 -13.745
65.596 -15.435
65.620 -15.250
65.643 -15.268
65.666 -15.105
65.689 -14.964
65.712 -15.590
65.736 -14.077
65.759 -12.647
65.782 -12.633
65.805 -12.961
65.829 -13.220
65.852 -14.024
65.875 -13.393
65.898 -11.556
65.921 -11.249
65.945 -11.317
65.968 -10.488
65.991 -9.956
66.014 -10.587
66.038 -10.359
66.061 -9.590
66.084 -9.527
66.107 -9.483
66.130 -9.952
66.154 -10.722
66.177 -14.230
66.200 -15.455
66.223 -15.486
66.247 -15.898
66.270 -16.053
66.293 -15.193
66.316 -15.146
66.339 -13.545
66.363 -13.328
66.386 -13.600
66.409 -13.675
66.432 -13.652
66.456 -14.723
66.479 -15.862
66.502 -15.873
66.525 -16.414
66.548 -16.019
66.572 -15.261
66.595 -15.766
66.618 -16.111
66.641 -14.232
66.664 -14.068
66.688 -14.169
66.711 -14.593
66.734 -14.330
66.757 -15.532
66.781 -17.233
66.804 -17.504
66.827 -18.443
66.850 -18.960
66.873 -18.490
66.897 -17.880
66.920 -14.207
66.943 -10.716
66.966 -10.162
66.990 -10.558
67.013 -11.016
67.036 -10.827
67.059 -11.345
67.082 -12.915
67.106 -13.228
67.129 -13.073
67.152 -12.417
67.175 -12.078
67.199 -12.795
67.222 -14.436
67.245 -13.493
67.268 -13.318
67.291 -13.590
67.315 -14.250
67.338 -14.237
67.361 -14.344
67.384 -15.913
67.408 -15.838
67.431 -16.009
67.454 -15.560
67.477 -15.983
67.500 -16.209
67.524 -15.267
67.547 -13.921
67.570 -13.190
67.593 -12.874
67.617 -12.868
67.640 -13.010
67.663 -13.569
67.686 -12.589
67.709 -12.248
67.733 -12.157
67.756 -11.963
67.779 -11.014
67.802 -10.681
67.825 -10.557
67.849 -10.498
67.872 -10.245
67.895 -9.982
67.918 -10.225
67.942 -9.907
67.965 -10.829
67.988 -10.666
68.011 -10.500
68.034 -11.212
68.058 -11.935
68.081 -12.262
68.104 -12.165
68.127 -14.656
68.151 -16.461
68.174 -16.479
68.197 -15.862
68.220 -15.615
68.243 -15.360
68.267 -14.256
68.290 -13.369
68.313 -13.506
68.336 -13.074
68.360 -12.726
68.383 -12.967
68.406 -13.909
68.429 -12.997
68.452 -5.978
68.476 -5.966
68.499 -6.640
68.522 -8.166
68.545 -8.894
68.569 -11.078
68.592 -12.048
68.615 -16.491
68.638 -17.684
68.661 -15.676
68.685 -12.205
68.708 -8.727
68.731 -7.350
68.754 -9.394
68.778 -11.383
68.801 -14.386
68.824 -15.196
68.847 -12.695
68.870 -13.829
68.894 -17.081
68.917 -16.862
68.940 -14.182
68.963 -10.988
68.986 -8.172
69.010 -8.748
69.033 -15.966
69.056 -16.928
69.079 -15.154
69.103 -13.175
69.126 -11.722
69.149 -12.591
69.172 -11.731
69.195 -12.884
69.219 -16.914
69.242 -18.269
69.265 -15.987
69.288 -15.160
69.312 -17.304
69.335 -13.799
69.358 -12.343
69.381 -10.993
69.404 -9.684
69.428 -11.675
69.451 -16.398
69.474 -15.385
69.497 -9.535
69.521 -9.249
69.544 -13.954
69.567 -21.402
69.590 -16.614
69.613 -13.679
69.637 -13.909
69.660 -13.905
69.683 -13.811
69.706 -12.196
69.730 -11.376
69.753 -10.895
69.776 -12.525
69.799 -16.841
69.822 -19.293
69.846 -15.466
69.869 -15.725
69.892 -20.496
69.915 -15.877
69.939 -13.154
69.962 -14.601
69.985 -14.549
70.008 -15.843
70.031 -14.632
70.055 -10.987
70.078 -12.129
70.101 -17.602
70.124 -13.194
70.147 -15.236
70.171 -16.616
70.194 -10.458
70.217 -11.054
70.240 -9.098
70.264 -11.084
70.287 -12.362
70.310 -10.254
70.333 -9.966
70.356 -11.135
70.380 -16.372
70.403 -19.208
70.426 -16.916
70.449 -19.326
70.473 -20.516
70.496 -17.498
70.519 -14.145
70.542 -12.881
70.565 -14.017
70.589 -16.272
70.612 -14.165
70.635 -14.705
70.658 -16.033
70.682 -14.799
70.705 -13.003
70.728 -14.535
70.751 -11.368
70.774 -12.519
70.798 -10.988
70.821 -11.450
70.844 -14.978
70.867 -17.598
70.891 -22.302
70.914 -22.504
70.937 -21.572
70.960 -17.284
70.983 -13.727
71.007 -13.234
71.030 -14.042
71.053 -14.706
71.076 -14.649
71.100 -15.660
71.123 -15.747
71.146 -15.093
71.169 -17.277
71.192 -18.150
71.216 -17.258
71.239 -19.862
71.262 -19.854
71.285 -15.142
71.308 -14.245
71.332 -15.062
71.355 -16.817
71.378 -15.140
71.401 -13.849
71.425 -14.804
71.448 -12.891
71.471 -14.586
71.494 -16.140
71.517 -18.128
71.541 -19.954
71.564 -19.214
71.587 -16.951
71.610 -15.786
71.634 -17.204
71.657 -19.172
71.680 -19.183
71.703 -17.752
71.726 -16.108
71.750 -17.065
71.773 -17.043
71.796 -16.478
71.819 -14.928
71.843 -14.247
71.866 -15.948
71.889 -14.875
71.912 -12.599
71.935 -14.079
71.959 -14.626
71.982 -14.109
72.005 -12.899
72.028 -12.789
72.052 -12.414
72.075 -14.282
72.098 -12.636
72.121 -12.128
72.144 -13.266
72.168 -13.725
72.191 -13.428
72.214 -14.818
72.237 -16.325
72.260 -16.916
72.284 -15.342
72.307 -15.009
72.330 -17.348
72.353 -19.861
72.377 -19.252
72.400 -15.445
72.423 -14.794
72.446 -16.277
72.469 -13.927
72.493 -10.433
72.516 -13.370
72.539 -18.139
72.562 -18.775
72.586 -18.521
72.609 -17.959
72.632 -16.932
72.655 -16.066
72.678 -17.529
72.702 -19.195
72.725 -21.768
72.748 -22.587
72.771 -17.174
72.795 -12.062
72.818 -12.269
72.841 -13.870
72.864 -13.652
72.887 -11.986
72.911 -14.061
72.934 -17.177
72.957 -18.324
72.980 -19.487
73.004 -19.188
73.027 -17.429
73.050 -17.563
73.073 -15.354
73.096 -11.580
73.120 -12.866
73.143 -15.056
73.166 -15.335
73.189 -13.779
73.213 -12.938
73.236 -11.742
73.259 -14.132
73.282 -17.995
73.305 -16.950
73.329 -16.569
73.352 -16.012
73.375 -19.363
73.398 -21.622
73.421 -19.194
73.445 -18.946
73.468 -19.525
73.491 -20.283
73.514 -20.460
73.538 -15.059
73.561 -13.161
73.584 -15.320
73.607 -13.501
73.630 -13.047
73.654 -14.309
73.677 -18.167
73.700 -18.449
73.723 -22.041
73.747 -22.918
73.770 -20.762
73.793 -18.411
73.816 -16.625
73.839 -14.185
73.863 -14.677
73.886 -15.113
73.909 -13.683
73.932 -15.996
73.956 -17.713
73.979 -15.507
74.002 -13.198
74.025 -16.360
74.048 -21.015
74.072 -21.185
74.095 -19.735
74.118 -19.441
74.141 -17.679
74.165 -19.937
74.188 -24.022
74.211 -17.948
74.234 -14.357
74.257 -14.132
74.281 -10.461
74.304 -7.998
74.327 -11.705
74.350 -15.338
74.374 -14.332
74.397 -13.252
74.420 -12.999
74.443 -11.459
74.466 -14.656
74.490 -13.686
74.513 -11.829
74.536 -15.705
74.559 -15.632
74.582 -14.817
74.606 -12.923
74.629 -15.797
74.652 -17.082
74.675 -15.116
74.699 -13.355
74.722 -14.534
74.745 -15.617
74.768 -17.652
74.791 -20.002
74.815 -16.428
74.838 -17.966
74.861 -14.946
74.884 -11.120
74.908 -11.783
74.931 -15.474
74.954 -17.075
74.977 -16.279
75.000 -15.679
75.024 -17.102
75.047 -16.094
75.070 -18.687
75.093 -17.995
75.117 -14.881
75.140 -15.427
75.163 -18.080
75.186 -16.015
75.209 -12.507
75.233 -13.848
75.256 -14.871
75.279 -13.575
75.302 -12.659
75.326 -12.484
75.349 -13.307
75.372 -15.319
75.395 -15.454
75.418 -13.823
75.442 -15.920
75.465 -15.227
75.488 -13.180
75.511 -8.825
75.535 -12.692
75.558 -13.766
75.581 -13.313
75.604 -14.894
75.627 -15.818
75.651 -15.121
75.674 -23.004
75.697 -19.934
75.720 -16.086
75.743 -17.902
75.767 -18.344
75.790 -13.728
75.813 -12.541
75.836 -12.831
75.860 -11.352
75.883 -11.363
75.906 -14.802
75.929 -15.558
75.952 -15.340
75.976 -22.328
75.999 -21.004
76.022 -15.808
76.045 -16.949
76.069 -16.243
76.092 -11.945
76.115 -11.600
76.138 -11.706
76.161 -12.766
76.185 -16.258
76.208 -17.683
76.231 -14.267
76.254 -13.758
76.278 -18.387
76.301 -15.391
76.324 -12.905
76.347 -15.402
76.370 -16.799
76.394 -15.235
76.417 -14.481
76.440 -15.861
76.463 -14.809
76.487 -15.092
76.510 -17.044
76.533 -17.060
76.556 -16.068
76.579 -20.502
76.603 -18.612
76.626 -14.238
76.649 -15.322
76.672 -16.115
76.696 -15.305
76.719 -15.442
76.742 -17.562
76.765 -20.660
76.788 -20.793
76.812 -20.367
76.835 -16.134
76.858 -16.558
76.881 -21.131
76.904 -16.006
76.928 -12.979
76.951 -15.048
76.974 -15.925
76.997 -15.591
77.021 -16.631
77.044 -18.006
77.067 -19.609
77.090 -20.265
77.113 -19.619
77.137 -15.811
77.160 -17.918
77.183 -23.267
77.206 -17.116
77.230 -13.275
77.253 -14.784
77.276 -15.603
77.299 -14.908
77.322 -15.649
77.346 -18.439
77.369 -19.914
77.392 -19.883
77.415 -17.936
77.439 -13.884
77.462 -16.540
77.485 -18.937
77.508 -14.233
77.531 -12.433
77.555 -13.774
77.578 -14.912
77.601 -15.193
77.624 -15.728
77.648 -18.479
77.671 -19.726
77.694 -18.990
77.717 -17.275
77.740 -13.663
77.764 -17.838
77.787 -22.142
77.810 -14.878
77.833 -12.078
77.857 -13.875
77.880 -15.805
77.903 -15.696
77.926 -16.114
77.949 -21.095
77.973 -23.506
77.996 -23.719
78.019 -19.698
78.042 -9.833
78.065 -8.236
78.089 -8.210
78.112 -8.145
78.135 -7.489
78.158 -9.811
78.182 -12.697
78.205 -11.081
78.228 -17.762
78.251 -12.874
78.274 -8.299
78.298 -10.480
78.321 -11.556
78.344 -11.253
78.367 -16.691
78.391 -20.577
78.414 -12.107
78.437 -8.721
78.460 -14.448
78.483 -14.218
78.507 -15.723
78.530 -22.426
78.553 -18.213
78.576 -11.957
78.600 -9.250
78.623 -13.145
78.646 -13.579
78.669 -14.440
78.692 -18.309
78.716 -13.874
78.739 -9.160
78.762 -13.379
78.785 -16.982
78.809 -19.841
78.832 -27.935
78.855 -17.426
78.878 -9.025
78.901 -11.016
78.925 -13.647
78.948 -13.344
78.971 -18.782
78.994 -23.243
79.018 -11.721
79.041 -7.893
79.064 -11.756
79.087 -15.972
79.110 -17.729
79.134 -20.398
79.157 -13.833
79.180 -8.554
79.203 -9.677
79.226 -12.845
79.250 -12.308
79.273 -17.463
79.296 -21.268
79.319 -11.288
79.343 -9.675
79.366 -11.691
79.389 -16.714
79.412 -20.035
79.435 -22.583
79.459 -16.247
79.482 -8.808
79.505 -9.758
79.528 -12.813
79.552 -16.375
79.575 -17.809
79.598 -16.692
79.621 -8.930
79.644 -9.673
79.668 -14.881
79.691 -15.432
79.714 -20.537
79.737 -27.104
79.761 -13.920
79.784 -8.587
79.807 -9.619
79.830 -13.390
79.853 -16.532
79.877 -23.073
79.900 -20.776
79.923 -8.807
79.946 -6.985
79.970 -11.944
79.993 -12.825
80.016 -17.464
80.039 -23.131
80.062 -13.152
80.086 -7.725
80.109 -10.060
80.132 -15.668
80.155 -17.441
80.179 -24.417
80.202 -19.644
80.225 -10.264
80.248 -6.849
80.271 -11.203
80.295 -11.810
80.318 -15.114
80.341 -17.463
80.364 -12.077
80.387 -7.640
80.411 -10.387
80.434 -16.546
80.457 -19.590
80.480 -23.613
80.504 -16.267
80.527 -10.824
80.550 -10.426
80.573 -13.307
80.596 -15.073
80.620 -19.420
80.643 -21.763
80.666 -11.166
80.689 -7.435
80.713 -9.764
80.736 -16.588
80.759 -22.173
80.782 -29.404
80.805 -15.506
80.829 -7.592
80.852 -9.845
80.875 -16.426
80.898 -20.478
80.922 -24.808
80.945 -24.360
80.968 -11.075
80.991 -6.841
81.014 -11.098
81.038 -17.072
81.061 -21.595
81.084 -26.271
81.107 -15.519
81.131 -5.902
81.154 -5.779
81.177 -12.473
81.200 -19.231
81.223 -18.621
81.247 -15.719
81.270 -8.983
81.293 -6.596
81.316 -10.424
81.340 -14.309
81.363 -17.620
81.386 -22.221
81.409 -16.031
81.432 -7.089
81.456 -6.224
81.479 -11.966
81.502 -14.774
81.525 -18.368
81.548 -17.490
81.572 -9.028
81.595 -6.423
81.618 -10.674
81.641 -14.210
81.665 -16.822
81.688 -22.044
81.711 -13.422
81.734 -10.079
81.757 -11.315
81.781 -13.551
81.804 -13.759
81.827 -24.408
81.850 -18.766
81.874 -8.025
81.897 -6.454
81.920 -11.301
81.943 -13.254
81.966 -17.080
81.990 -25.022
82.013 -10.345
82.036 -5.287
82.059 -7.053
82.083 -11.401
82.106 -11.873
82.129 -17.001
82.152 -14.014
82.175 -7.304
82.199 -5.693
82.222 -11.806
82.245 -13.956
82.268 -18.837
82.292 -23.345
82.315 -10.489
82.338 -4.153
82.361 -6.341
82.384 -12.360
82.408 -13.806
82.431 -17.755
82.454 -15.144
82.477 -6.753
82.500 -6.544
82.524 -12.753
82.547 -13.750
82.570 -18.873
82.593 -23.195
82.617 -14.505
82.640 -8.931
82.663 -11.488
82.686 -15.102
82.709 -17.122
82.733 -20.614
82.756 -13.870
82.779 -6.949
82.802 -6.690
82.826 -13.968
82.849 -17.745
82.872 -22.420
82.895 -25.784
82.918 -22.060
82.942 -24.722
82.965 -23.555
82.988 -16.321
83.011 -15.814
83.035 -16.673
83.058 -12.456
83.081 -13.466
83.104 -18.797
83.127 -20.314
83.151 -19.753
83.174 -22.967
83.197 -21.179
83.220 -14.081
83.244 -18.863
83.267 -19.752
83.290 -16.168
83.313 -15.210
83.336 -17.348
83.360 -15.576
83.383 -12.678
83.406 -18.784
83.429 -21.046
83.453 -19.691
83.476 -23.409
83.499 -16.425
83.522 -11.290
83.545 -17.484
83.569 -18.037
83.592 -13.463
83.615 -13.577
83.638 -15.898
83.661 -10.794
83.685 -14.492
83.708 -19.478
83.731 -19.174
83.754 -17.073
83.778 -21.409
83.801 -18.615
83.824 -17.376
83.847 -23.320
83.870 -16.049
83.894 -10.236
83.917 -16.029
83.940 -14.360
83.963 -11.818
83.987 -13.535
84.010 -16.627
84.033 -18.433
84.056 -17.151
84.079 -20.941
84.103 -20.839
84.126 -16.726
84.149 -20.362
84.172 -17.415
84.196 -11.635
84.219 -14.848
84.242 -15.826
84.265 -10.488
84.288 -11.968
84.312 -18.431
84.335 -17.402
84.358 -14.688
84.381 -23.925
84.405 -16.151
84.428 -13.049
84.451 -23.965
84.474 -19.947
84.497 -12.903
84.521 -15.064
84.544 -16.594
84.567 -14.872
84.590 -19.883
84.614 -26.552
84.637 -16.781
84.660 -16.386
84.683 -24.250
84.706 -18.970
84.730 -18.937
84.753 -24.766
84.776 -22.194
84.799 -16.598
84.822 -22.887
84.846 -21.384
84.869 -15.486
84.892 -21.268
84.915 -26.013
84.939 -14.328
84.962 -15.046
84.985 -20.360
85.008 -16.585
85.031 -16.624
85.055 -22.820
85.078 -21.250
85.101 -17.455
85.124 -22.908
85.148 -21.362
85.171 -16.769
85.194 -20.865
85.217 -23.928
85.240 -17.816
85.264 -16.501
85.287 -15.927
85.310 -18.310
85.333 -16.658
85.357 -16.291
85.380 -17.640
85.403 -16.804
85.426 -15.165
85.449 -15.812
85.473 -15.454
85.496 -16.694
85.519 -16.003
85.542 -16.747
85.566 -18.758
85.589 -15.188
85.612 -16.146
85.635 -16.862
85.658 -15.158
85.682 -16.493
85.705 -16.218
85.728 -16.025
85.751 -16.117
85.775 -15.354
85.798 -16.534
85.821 -16.143
85.844 -16.673
85.867 -17.256
85.891 -15.542
85.914 -17.357
85.937 -18.174
85.960 -16.162
85.983 -15.881
86.007 -16.753
86.030 -15.051
86.053 -16.209
86.076 -15.424
86.100 -16.547
86.123 -16.924
86.146 -15.616
86.169 -16.253
86.192 -15.073
86.216 -15.879
86.239 -16.805
86.262 -14.977
86.285 -15.536
86.309 -15.350
86.332 -14.294
86.355 -15.315
86.378 -14.145
86.401 -14.350
86.425 -17.623
86.448 -43.069
86.471 -68.442
86.494 -72.171
86.518 -75.485
86.541 -72.242
86.564 -71.806
86.587 -80.000
86.610 -78.883
86.634 -76.356
86.657 -73.962
86.680 -76.543
86.703 -76.729
86.727 -79.478
86.750 -80.000
86.773 -80.000
86.796 -80.000
86.819 -80.000
86.843 -80.000
86.866 -80.000
86.889 -80.000
86.912 -80.000
86.936 -80.000
86.959 -80.000
86.982 -80.000
87.005 -80.000
87.028 -80.000
87.052 -80.000
87.075 -80.000
87.098 -73.729
87.121 -80.000
87.144 -80.000
87.168 -80.000
87.191 -80.000
87.214 -80.000
87.237 -80.000
87.261 -80.000
87.284 -80.000
87.307 -80.000
87.330 -76.104
87.353 -80.000
87.377 -80.000
87.400 -80.000
87.423 -80.000
87.446 -80.000
87.470 -80.000
87.493 -80.000
87.516 -80.000
87.539 -80.000
87.562 -80.000
87.586 -52.200
87.609 -22.513
87.632 -11.954
87.655 -15.794
87.679 -23.721
87.702 -11.554
87.725 -4.975
87.748 -2.480
87.771 -3.653
87.795 -4.951
87.818 -4.233
87.841 -4.071
87.864 -3.858
87.888 -3.336
87.911 -6.552
87.934 -12.333
87.957 -17.417
87.980 -24.538
88.004 -10.611
88.027 -3.851
88.050 -2.091
88.073 -4.302
88.097 -5.237
88.120 -4.312
88.143 -3.973
88.166 -4.300
88.189 -4.017
88.213 -7.162
88.236 -12.376
88.259 -17.805
88.282 -23.430
88.305 -10.337
88.329 -3.544
88.352 -1.557
88.375 -3.157
88.398 -4.029
88.422 -3.438
88.445 -3.282
88.468 -3.160
88.491 -3.096
88.514 -7.990
88.538 -14.614
88.561 -20.830
88.584 -25.104
88.607 -10.405
88.631 -3.425
88.654 -1.565
88.677 -3.617
88.700 -4.005
88.723 -3.192
88.747 -3.154
88.770 -3.037
88.793 -3.501
88.816 -9.008
88.840 -14.156
88.863 -22.158
88.886 -25.399
88.909 -9.292
88.932 -3.010
88.956 -2.481
88.979 -4.332
89.002 -4.684
89.025 -4.100
89.049 -3.762
89.072 -3.750
89.095 -4.052
89.118 -10.276
89.141 -15.017
89.165 -23.214
89.188 -22.338
89.211 -8.659
89.234 -3.518
89.258 -3.160
89.281 -4.562
89.304 -4.834
89.327 -3.993
89.350 -3.766
89.374 -3.374
89.397 -3.645
89.420 -9.657
89.443 -13.186
89.466 -22.080
89.490 -20.377
89.513 -7.027
89.536 -2.275
89.559 -2.433
89.583 -4.703
89.606 -4.628
89.629 -4.023
89.652 -4.034
89.675 -3.556
89.699 -4.058
89.722 -10.835
89.745 -14.949
89.768 -24.874
89.792 -18.582
89.815 -7.367
89.838 -2.542
89.861 -2.658
89.884 -4.785
89.908 -4.695
89.931 -3.855
89.954 -3.650
89.977 -3.386
90.001 -4.241
90.024 -11.727
90.047 -17.140
90.070 -23.611
90.093 -16.882
90.117 -5.518
90.140 -3.696
90.163 -3.550
90.186 -3.678
90.210 -4.404
90.233 -3.876
90.256 -3.790
90.279 -3.211
90.302 -4.181
90.326 -10.803
90.349 -15.888
90.372 -24.021
90.395 -16.047
90.419 -4.729
90.442 -3.260
90.465 -3.521
90.488 -3.907
90.511 -4.264
90.535 -3.606
90.558 -3.653
90.581 -3.602
90.604 -5.593
90.627 -12.429
90.651 -17.502
90.674 -25.598
90.697 -15.998
90.720 -5.272
90.744 -3.510
90.767 -3.102
90.790 -3.817
90.813 -4.066
90.836 -3.676
90.860 -3.743
90.883 -3.747
90.906 -5.348
90.929 -12.581
90.953 -18.307
90.976 -26.009
90.999 -14.644
91.022 -4.782
91.045 -3.539
91.069 -3.189
91.092 -4.124
91.115 -4.358
91.138 -3.661
91.162 -3.500
91.185 -3.400
91.208 -5.705
91.231 -12.924
91.254 -16.116
91.278 -26.569
91.301 -15.548
91.324 -6.264
91.347 -4.055
91.371 -3.588
91.394 -4.717
91.417 -4.472
91.440 -3.936
91.463 -3.559
91.487 -3.283
91.510 -6.968
91.533 -14.019
91.556 -16.469
91.580 -23.649
91.603 -13.122
91.626 -4.883
91.649 -2.917
91.672 -3.206
91.696 -4.875
91.719 -4.109
91.742 -3.506
91.765 -3.630
91.788 -3.894
91.812 -8.391
91.835 -14.519
91.858 -17.170
91.881 -23.516
91.905 -13.249
91.928 -5.416
91.951 -3.302
91.974 -3.532
91.997 -4.758
92.021 -3.726
92.044 -3.505
92.067 -3.532
92.090 -3.230
92.114 -8.178
92.137 -14.465
92.160 -18.697
92.183 -27.011
92.206 -17.792
92.230 -17.979
92.253 -26.732
92.276 -19.520
92.299 -14.989
92.323 -24.571
92.346 -18.707
92.369 -9.493
92.392 -3.262
92.415 -6.904
92.439 -12.173
92.462 -18.939
92.485 -22.730
92.508 -10.019
92.532 -4.302
92.555 -2.442
92.578 -3.692
92.601 -4.320
92.624 -3.836
92.648 -3.958
92.671 -3.579
92.694 -3.637
92.717 -8.803
92.740 -12.973
92.764 -19.971
92.787 -20.634
92.810 -8.127
92.833 -2.639
92.857 -2.024
92.880 -4.453
92.903 -4.468
92.926 -3.803
92.949 -3.788
92.973 -3.476
92.996 -3.744
93.019 -9.725
93.042 -14.542
93.066 -23.061
93.089 -22.822
93.112 -8.388
93.135 -2.702
93.158 -1.965
93.182 -3.492
93.205 -3.795
93.228 -3.024
93.251 -2.988
93.275 -2.964
93.298 -3.919
93.321 -10.743
93.344 -15.073
93.367 -24.486
93.391 -20.633
93.414 -7.509
93.437 -2.586
93.460 -2.167
93.484 -3.757
93.507 -3.744
93.530 -3.246
93.553 -3.283
93.576 -3.125
93.600 -4.116
93.623 -10.685
93.646 -14.287
93.669 -24.862
93.693 -19.714
93.716 -7.403
93.739 -2.436
93.762 -2.784
93.785 -5.078
93.809 -4.621
93.832 -3.974
93.855 -4.094
93.878 -3.881
93.901 -4.780
93.925 -11.861
93.948 -16.098
93.971 -26.509
93.994 -16.608
94.018 -6.144
94.041 -2.862
94.064 -3.341
94.087 -4.869
94.110 -4.441
94.134 -3.804
94.157 -3.779
94.180 -3.379
94.203 -4.839
94.227 -10.980
94.250 -13.956
94.273 -25.966
94.296 -15.011
94.319 -4.892
94.343 -1.854
94.366 -3.471
94.389 -4.811
94.412 -4.235
94.436 -3.756
94.459 -3.942
94.482 -3.338
94.505 -5.343
94.528 -13.380
94.552 -17.618
94.575 -27.814
94.598 -15.273
94.621 -5.710
94.645 -2.411
94.668 -3.462
94.691 -4.526
94.714 -4.197
94.737 -3.794
94.761 -3.642
94.784 -3.172
94.807 -5.643
94.830 -13.222
94.854 -17.453
94.877 -24.400
94.900 -13.603
94.923 -4.725
94.946 -3.927
94.970 -3.445
94.993 -3.865
95.016 -4.046
95.039 -3.734
95.062 -3.801
95.086 -3.235
95.109 -5.660
95.132 -11.921
95.155 -16.844
95.179 -24.134
95.202 -12.069
95.225 -3.330
95.248 -3.545
95.271 -3.765
95.295 -4.248
95.318 -4.077
95.341 -3.575
95.364 -3.423
95.388 -3.651
95.411 -6.898
95.434 -12.673
95.457 -18.324
95.480 -25.189
95.504 -12.156
95.527 -3.851
95.550 -3.546
95.573 -3.767
95.597 -4.224
95.620 -4.067
95.643 -3.668
95.666 -3.428
95.689 -3.140
95.713 -6.632
95.736 -13.608
95.759 -19.891
95.782 -23.530
95.806 -10.821
95.829 -3.563
95.852 -3.569
95.875 -3.484
95.898 -4.579
95.922 -4.365
95.945 -4.125
95.968 -3.829
95.991 -3.635
96.015 -7.725
96.038 -14.698
96.061 -19.710
96.084 -24.236
96.107 -11.741
96.131 -5.364
96.154 -3.253
96.177 -3.732
96.200 -4.701
96.223 -3.895
96.247 -3.832
96.270 -3.961
96.293 -3.603
96.316 -9.362
96.340 -14.219
96.363 -19.383
96.386 -22.982
96.409 -10.335
96.432 -5.398
96.456 -4.192
96.479 -4.274
96.502 -5.494
96.525 -4.447
96.549 -3.560
96.572 -3.399
96.595 -3.684
96.618 -10.219
96.641 -14.929
96.665 -21.359
96.688 -22.593
96.711 -9.119
96.734 -4.073
96.758 -4.619
96.781 -15.806
96.804 -25.765
96.827 -28.501
96.850 -26.186
96.874 -21.694
96.897 -22.681
96.920 -20.408
96.943 -15.134
96.967 -21.776
96.990 -21.967
97.013 -8.837
97.036 -4.196
97.059 -5.710
97.083 -17.689
97.106 -25.850
97.129 -26.776
97.152 -22.660
97.176 -17.895
97.199 -21.414
97.222 -19.412
97.245 -13.736
97.268 -21.695
97.292 -18.088
97.315 -8.038
97.338 -3.529
97.361 -5.987
97.384 -14.185
97.408 -18.917
97.431 -22.940
97.454 -11.962
97.477 -4.420
97.501 -3.638
97.524 -10.695
97.547 -13.307
97.570 -21.872
97.593 -15.833
97.617 -5.959
97.640 -2.035
97.663 -2.503
97.686 -4.880
97.710 -4.271
97.733 -3.656
97.756 -3.776
97.779 -3.257
97.802 -4.603
97.826 -11.767
97.849 -16.059
97.872 -26.154
97.895 -16.066
97.919 -6.005
97.942 -2.000
97.965 -2.445
97.988 -3.992
98.011 -3.670
98.035 -3.102
98.058 -3.088
98.081 -2.971
98.104 -5.082
98.128 -12.016
98.151 -14.577
98.174 -24.912
98.197 -14.474
98.220 -5.448
98.244 -1.714
98.267 -2.147
98.290 -4.025
98.313 -3.887
98.337 -3.337
98.360 -3.258
98.383 -3.340
98.406 -5.555
98.429 -11.312
98.453 -14.355
98.476 -25.689
98.499 -14.107
98.522 -4.963
98.545 -1.764
98.569 -3.131
98.592 -4.768
98.615 -4.355
98.638 -3.908
98.662 -3.617
98.685 -3.140
98.708 -6.004
98.731 -12.164
98.754 -16.296
98.778 -25.913
98.801 -11.981
98.824 -4.651
98.847 -2.536
98.871 -3.780
98.894 -4.860
98.917 -4.463
98.940 -4.059
98.963 -3.859
98.987 -3.585
99.010 -6.665
99.033 -12.046
99.056 -16.103
99.080 -24.943
99.103 -11.525
99.126 -3.822
99.149 -1.525
99.172 -3.563
99.196 -4.618
99.219 -4.251
99.242 -4.004
99.265 -3.943
99.289 -3.492
99.312 -7.269
99.335 -12.921
99.358 -17.201
99.381 -25.154
99.405 -11.109
99.428 -3.668
99.451 -1.467
99.474 -3.502
99.498 -5.051
99.521 -4.199
99.544 -3.753
99.567 -3.643
99.590 -3.369
99.614 -7.433
99.637 -15.170
99.660 -20.941
99.683 -24.407
99.706 -10.413
99.730 -4.079
99.753 -3.346
99.776 -3.319
99.799 -4.288
99.823 -4.191
99.846 -3.780
99.869 -3.303
99.892 -3.065
99.915 -7.348
99.939 -13.071
99.962 -19.450
99.985 -22.225
100.008 -8.558
100.032 -2.943
100.055 -3.600
100.078 -3.709
100.101 -4.454
100.124 -4.231
100.148 -3.957
100.171 -3.866
100.194 -4.482
100.217 -9.142
100.241 -14.335
100.264 -21.632
100.287 -21.913
100.310 -8.795
100.333 -3.632
100.357 -3.354
100.380 -3.403
100.403 -4.306
100.426 -3.779
100.450 -3.469
100.473 -3.709
100.496 -4.013
100.519 -9.404
100.542 -16.420
100.566 -23.933
100.589 -21.657
100.612 -8.013
100.635 -3.447
100.659 -3.184
100.682 -3.485
100.705 -4.255
100.728 -3.901
100.751 -3.760
100.775 -3.568
100.798 -4.172
100.821 -10.162
100.844 -14.643
100.867 -20.785
100.891 -20.295
100.914 -8.179
100.937 -4.360
100.960 -2.861
100.984 -4.009
101.007 -4.753
101.030 -4.057
101.053 -3.801
101.076 -3.389
101.100 -4.315
101.123 -11.562
101.146 -14.325
101.169 -21.718
101.193 -19.782
101.216 -7.417
101.239 -3.834
101.262 -3.030
101.285 -4.335
101.309 -4.407
101.332 -3.623
101.355 -3.475
101.378 -3.515
101.402 -5.280
101.425 -12.597
101.448 -13.765
101.471 -22.284
101.494 -18.399
101.518 -7.468
101.541 -3.919
101.564 -6.304
101.587 -13.698
101.611 -19.063
101.634 -24.218
101.657 -14.801
101.680 -5.747
101.703 -3.708
101.727 -11.492
101.750 -14.703
101.773 -23.719
101.796 -15.275
101.820 -5.123
101.843 -3.028
101.866 -7.677
101.889 -13.939
101.912 -19.889
101.936 -23.130
101.959 -8.223
101.982 -2.049
102.005 -3.345
102.028 -11.465
102.052 -16.080
102.075 -26.599
102.098 -14.298
102.121 -5.296
102.145 -2.817
102.168 -8.069
102.191 -15.270
102.214 -22.397
102.237 -23.454
102.261 -13.690
102.284 -4.628
102.307 -4.611
102.330 -11.002
102.354 -14.755
102.377 -23.817
102.400 -12.449
102.423 -4.519
102.446 -1.470
102.470 -3.218
102.493 -4.883
102.516 -4.464
102.539 -3.923
102.563 -4.050
102.586 -3.973
102.609 -6.488
102.632 -12.452
102.655 -15.883
102.679 -25.416
102.702 -12.866
102.725 -4.777
102.748 -1.786
102.772 -2.913
102.795 -3.968
102.818 -3.193
102.841 -2.939
102.864 -3.146
102.888 -3.214
102.911 -6.751
102.934 -13.772
102.957 -18.333
102.980 -26.315
103.004 -12.868
103.027 -4.237
103.050 -1.855
103.073 -3.551
103.097 -4.253
103.120 -3.831
103.143 -3.334
103.166 -3.335
103.189 -3.531
103.213 -7.503
103.236 -12.822
103.259 -17.576
103.282 -24.100
103.306 -10.750
103.329 -3.762
103.352 -1.849
103.375 -4.008
103.398 -4.695
103.422 -3.905
103.445 -3.672
103.468 -3.575
103.491 -3.481
103.515 -8.243
103.538 -13.504
103.561 -18.808
103.584 -22.410
103.607 -9.004
103.631 -3.797
103.654 -2.647
103.677 -4.090
103.700 -4.545
103.724 -3.910
103.747 -3.617
103.770 -3.221
103.793 -3.252
103.816 -8.580
103.840 -13.506
103.863 -20.222
103.886 -22.336
103.909 -8.902
103.933 -2.913
103.956 -2.033
103.979 -4.375
104.002 -4.367
104.025 -3.850
104.049 -3.930
104.072 -3.646
104.095 -3.718
104.118 -9.893
104.141 -15.718
104.165 -23.273
104.188 -22.756
104.211 -9.057
104.234 -3.058
104.258 -2.171
104.281 -4.236
104.304 -4.399
104.327 -3.596
104.350 -3.567
104.374 -3.551
104.397 -4.149
104.420 -10.667
104.443 -15.886
104.467 -23.376
104.490 -20.641
104.513 -7.757
104.536 -3.863
104.559 -8.181
104.583 -13.349
104.606 -16.208
104.629 -23.896
104.652 -10.211
104.676 -3.765
104.699 -3.124
104.722 -9.874
104.745 -14.253
104.768 -22.749
104.792 -17.969
104.815 -5.854
104.838 -3.261
104.861 -7.568
104.885 -12.865
104.908 -16.122
104.931 -21.925
104.954 -8.883
104.977 -4.225
105.001 -4.784
105.024 -11.834
105.047 -16.071
105.070 -23.028
105.094 -19.275
105.117 -11.462
105.140 -18.081
105.163 -23.619
105.186 -12.414
105.210 -16.440
105.233 -27.192
105.256 -15.174
105.279 -14.733
105.302 -25.570
105.326 -17.559
105.349 -15.113
105.372 -23.304
105.395 -18.244
105.419 -11.761
105.442 -19.284
105.465 -17.148
105.488 -7.160
105.511 -4.124
105.535 -6.224
105.558 -11.927
105.581 -14.392
105.604 -23.949
105.628 -18.499
105.651 -15.274
105.674 -23.731
105.697 -17.010
105.720 -7.421
105.744 -4.710
105.767 -3.148
105.790 -4.753
105.813 -5.503
105.837 -4.341
105.860 -3.590
105.883 -3.281
105.906 -6.149
105.929 -19.291
105.953 -29.899
105.976 -26.764
105.999 -22.541
106.022 -17.084
106.046 -17.577
106.069 -15.779
106.092 -19.367
106.115 -22.166
106.138 -20.083
106.162 -20.090
106.185 -20.756
106.208 -19.349
106.231 -17.408
106.255 -14.081
106.278 -14.149
106.301 -13.989
106.324 -11.794
106.347 -13.667
106.371 -17.228
106.394 -23.542
106.417 -22.524
106.440 -20.345
106.463 -18.310
106.487 -19.186
106.510 -18.972
106.533 -21.148
106.556 -21.464
106.580 -20.699
106.603 -20.529
106.626 -20.788
106.649 -21.467
106.672 -21.075
106.696 -19.571
106.719 -18.187
106.742 -19.050
106.765 -18.786
106.789 -20.332
106.812 -17.856
106.835 -17.426
106.858 -22.178
106.881 -26.317
106.905 -22.318
106.928 -20.036
106.951 -20.233
106.974 -20.609
106.998 -18.261
107.021 -31.204
107.044 -36.069
107.067 -38.386
107.090 -34.768
107.114 -22.516
107.137 -17.222
107.160 -16.977
107.183 -18.050
107.207 -18.059
107.230 -17.552
107.253 -17.796
107.276 -14.243
107.299 -12.856
107.323 -19.031
107.346 -17.697
107.369 -16.211
107.392 -15.518
107.416 -13.416
107.439 -10.597
107.462 -18.198
107.485 -23.978
107.508 -18.114
107.532 -15.113
107.555 -15.334
107.578 -15.873
107.601 -16.379
107.624 -21.806
107.648 -19.382
107.671 -16.831
107.694 -16.044
107.717 -16.380
107.741 -15.674
107.764 -23.942
107.787 -26.163
107.810 -16.801
107.833 -20.323
107.857 -27.958
107.880 -13.913
107.903 -12.617
107.926 -11.383
107.950 -12.981
107.973 -12.480
107.996 -14.913
108.019 -17.185
108.042 -34.134
108.066 -33.331
108.089 -29.998
108.112 -27.296
108.135 -25.003
108.159 -24.768
108.182 -24.906
108.205 -27.351
108.228 -39.897
108.251 -47.366
108.275 -48.539
108.298 -48.043
108.321 -35.158
108.344 -28.717
108.368 -28.993
108.391 -26.317
108.414 -29.996
108.437 -32.409
108.460 -34.137
108.484 -44.099
108.507 -41.955
108.530 -42.750
108.553 -42.741
108.577 -39.399
108.600 -31.287
108.623 -19.019
108.646 -14.517
108.669 -26.831
108.693 -20.051
108.716 -6.525
108.739 -3.026
108.762 -7.622
108.785 -13.956
108.809 -18.157
108.832 -25.321
108.855 -10.018
108.878 -3.412
108.902 -4.212
108.925 -12.366
108.948 -15.491
108.971 -27.617
108.994 -18.370
109.018 -6.099
109.041 -3.102
109.064 -8.478
109.087 -14.200
109.111 -19.847
109.134 -25.501
109.157 -10.178
109.180 -3.393
109.203 -4.220
109.227 -12.419
109.250 -16.055
109.273 -24.884
109.296 -16.063
109.320 -5.462
109.343 -3.684
109.366 -3.677
109.389 -3.866
109.412 -4.066
109.436 -3.796
109.459 -3.791
109.482 -3.344
109.505 -5.069
109.529 -12.057
109.552 -15.881
109.575 -23.790
109.598 -13.888
109.621 -4.196
109.645 -3.158
109.668 -3.039
109.691 -3.891
109.714 -4.100
109.738 -3.917
109.761 -4.027
109.784 -4.048
109.807 -6.499
109.830 -13.341
109.854 -17.230
109.877 -25.622
109.900 -14.106
109.923 -4.412
109.946 -3.069
109.970 -3.221
109.993 -4.268
110.016 -4.304
110.039 -3.847
110.063 -3.592
110.086 -3.561
110.109 -6.164
110.132 -13.107
110.155 -17.903
110.179 -24.444
110.202 -12.838
110.225 -4.419
110.248 -3.684
110.272 -3.038
110.295 -3.926
110.318 -3.715
110.341 -3.475
110.364 -3.740
110.388 -3.887
110.411 -6.852
110.434 -13.934
110.457 -17.527
110.481 -24.448
110.504 -13.274
110.527 -5.367
110.550 -3.995
110.573 -3.716
110.597 -4.720
110.620 -4.325
110.643 -3.490
110.666 -3.276
110.690 -3.460
110.713 -8.088
110.736 -12.938
110.759 -16.748
110.782 -25.397
110.806 -11.560
110.829 -4.580
110.852 -3.054
110.875 -3.635
110.899 -5.189
110.922 -4.334
110.945 -3.720
110.968 -3.664
110.991 -3.959
111.015 -9.404
111.038 -13.997
111.061 -18.397
111.084 -24.949
111.107 -11.665
111.131 -4.614
111.154 -4.998
111.177 -10.962
111.200 -13.634
111.224 -23.503
111.247 -18.372
111.270 -8.501
111.293 -3.128
111.316 -7.749
111.340 -13.572
111.363 -18.829
111.386 -21.620
111.409 -8.425
111.433 -4.018
111.456 -5.493
111.479 -13.483
111.502 -17.014
111.525 -26.673
111.549 -12.994
111.572 -3.491
111.595 -2.404
111.618 -8.239
111.642 -12.628
111.665 -20.504
111.688 -20.078
111.711 -8.427
111.734 -3.399
111.758 -4.511
111.781 -12.945
111.804 -18.688
111.827 -29.017
111.851 -19.813
111.874 -7.739
111.897 -3.390
111.920 -8.992
111.943 -13.475
111.967 -22.393
111.990 -19.873
112.013 -7.189
112.036 -2.509
112.060 -2.636
112.083 -4.581
112.106 -4.323
112.129 -3.759
112.152 -3.764
112.176 -3.583
112.199 -4.181
112.222 -10.344
112.245 -13.512
112.268 -23.788
112.292 -19.098
112.315 -7.100
112.338 -2.386
112.361 -2.143
112.385 -3.763
112.408 -3.712
112.431 -3.063
112.454 -3.068
112.477 -3.015
112.501 -4.618
112.524 -11.852
112.547 -14.349
112.570 -24.588
112.594 -18.615
112.617 -6.725
112.640 -2.148
112.663 -2.084
112.686 -3.880
112.710 -3.588
112.733 -3.131
112.756 -3.082
112.779 -2.980
112.803 -4.579
112.826 -11.054
112.849 -14.146
112.872 -24.551
112.895 -16.231
112.919 -5.926
112.942 -1.873
112.965 -2.346
112.988 -3.953
113.012 -3.385
113.035 -3.093
113.058 -3.113
113.081 -3.031
113.104 -5.118
113.128 -12.526
113.151 -15.679
113.174 -27.591
113.197 -15.436
113.220 -5.341
113.244 -1.848
113.267 -2.602
113.290 -4.056
113.313 -3.651
113.337 -3.140
113.360 -3.145
113.383 -3.072
113.406 -5.534
113.429 -12.965
113.453 -16.768
113.476 -26.531
113.499 -13.946
113.522 -4.785
113.546 -1.931
113.569 -3.400
113.592 -4.750
113.615 -4.085
113.638 -3.715
113.662 -3.421
113.685 -3.112
113.708 -6.228
113.731 -13.039
113.755 -15.682
113.778 -25.275
113.801 -13.186
113.824 -4.620
113.847 -1.636
113.871 -3.008
113.894 -4.524
113.917 -3.863
113.940 -3.547
113.964 -3.588
113.987 -3.287
114.010 -6.488
114.033 -13.485
114.056 -17.704
114.080 -24.463
114.103 -12.005
114.126 -4.124
114.149 -5.306
114.173 -11.261
114.196 -11.259
114.219 -19.348
114.242 -14.234
114.265 -4.425
114.289 -2.888
114.312 -6.261
114.335 -13.811
114.358 -17.802
114.381 -21.462
114.405 -9.892
114.428 -3.098
114.451 -5.029
114.474 -11.737
114.498 -12.958
114.521 -22.342
114.544 -13.956
114.567 -4.791
114.590 -3.690
114.614 -8.223
114.637 -14.887
114.660 -19.777
114.683 -23.345
114.707 -13.346
114.730 -13.200
114.753 -22.676
114.776 -15.068
114.799 -12.653
114.823 -22.921
114.846 -17.792
114.869 -11.045
114.892 -19.399
114.916 -24.975
114.939 -16.508
114.962 -21.662
114.985 -24.864
115.008 -14.132
115.032 -15.539
115.055 -24.098
115.078 -10.232
115.101 -4.961
115.125 -4.412
115.148 -10.395
115.171 -11.603
115.194 -20.758
115.217 -24.262
115.241 -17.014
115.264 -20.275
115.287 -21.031
115.310 -9.490
115.334 -4.612
115.357 -3.427
115.380 -3.918
115.403 -4.638
115.426 -3.836
115.450 -4.176
115.473 -5.882
115.496 -7.397
115.519 -9.926
115.542 -13.601
115.566 -15.800
115.589 -20.208
115.612 -26.940
115.635 -29.143
115.659 -27.970
115.682 -25.866
115.705 -21.406
115.728 -17.751
115.751 -18.230
115.775 -18.189
115.798 -16.788
115.821 -18.048
115.844 -20.258
115.868 -18.917
115.891 -21.383
115.914 -19.883
115.937 -21.072
115.960 -19.782
115.984 -20.649
116.007 -21.422
116.030 -20.708
116.053 -19.749
116.077 -20.381
116.100 -20.490
116.123 -19.378
116.146 -19.098
116.169 -21.807
116.193 -16.708
116.216 -15.766
116.239 -21.285
116.262 -18.826
116.286 -12.361
116.309 -13.428
116.332 -13.895
116.355 -11.606
116.378 -9.983
116.402 -10.636
116.425 -13.415
116.448 -13.575
116.471 -25.533
116.495 -17.691
116.518 -5.956
116.541 -2.810
116.564 -2.804
116.587 -3.482
116.611 -3.467
116.634 -3.002
116.657 -3.125
116.680 -3.751
116.703 -4.725
116.727 -5.778
116.750 -6.574
116.773 -6.842
116.796 -7.641
116.820 -8.727
116.843 -9.851
116.866 -10.793
116.889 -12.750
116.912 -14.102
116.936 -12.630
116.959 -10.511
116.982 -9.989
117.005 -10.727
117.029 -13.609
117.052 -20.164
117.075 -18.367
117.098 -14.986
117.121 -11.053
117.145 -9.535
117.168 -9.769
117.191 -9.457
117.214 -6.983
117.238 -8.214
117.261 -9.790
117.284 -10.321
117.307 -10.130
117.330 -14.344
117.354 -21.188
117.377 -26.612
117.400 -20.678
117.423 -15.283
117.447 -12.215
117.470 -11.628
117.493 -12.495
117.516 -13.030
117.539 -13.520
117.563 -13.371
117.586 -15.552
117.609 -20.565
117.632 -23.327
117.656 -23.970
117.679 -26.458
117.702 -30.428
117.725 -37.017
117.748 -33.228
117.772 -32.898
117.795 -33.540
117.818 -30.706
117.841 -30.338
117.864 -31.694
117.888 -28.706
117.911 -25.979
117.934 -21.541
117.957 -20.883
117.981 -22.773
118.004 -24.696
118.027 -25.003
118.050 -23.735
118.073 -21.742
118.097 -21.583
118.120 -20.146
118.143 -19.837
118.166 -20.302
118.190 -21.863
118.213 -23.761
118.236 -25.411
118.259 -27.551
118.282 -29.664
118.306 -25.314
118.329 -21.171
118.352 -19.230
118.375 -18.172
118.399 -16.167
118.422 -13.316
118.445 -13.243
118.468 -14.728
118.491 -13.959
118.515 -13.623
118.538 -15.787
118.561 -18.673
118.584 -21.941
118.608 -19.964
118.631 -13.767
118.654 -11.833
118.677 -11.019
118.700 -12.158
118.724 -13.849
118.747 -13.841
118.770 -11.816
118.793 -11.628
118.817 -18.221
118.840 -16.720
118.863 -11.653
118.886 -10.895
118.909 -12.932
118.933 -11.840
118.956 -10.447
118.979 -12.767
119.002 -19.671
119.025 -29.421
119.049 -32.548
119.072 -27.809
119.095 -21.968
119.118 -21.046
119.142 -24.400
119.165 -33.935
119.188 -36.794
119.211 -32.405
119.234 -30.158
119.258 -27.710
119.281 -32.130
119.304 -32.959
119.327 -31.563
119.351 -34.863
119.374 -27.877
119.397 -23.736
119.420 -24.905
119.443 -29.326
119.467 -28.425
119.490 -33.715
119.513 -39.539
119.536 -36.993
119.560 -37.315
119.583 -42.685
119.606 -55.181
119.629 -53.101
119.652 -44.095
119.676 -40.003
119.699 -46.510
119.722 -40.851
119.745 -33.041
119.769 -29.893
119.792 -25.925
119.815 -26.082
119.838 -30.094
119.861 -28.924
119.885 -28.186
119.908 -29.747
119.931 -33.121
119.954 -33.275
119.978 -33.912
120.001 -32.475
120.024 -29.459
120.047 -29.599
120.070 -31.501
120.094 -32.761
120.117 -34.320
120.140 -35.644
120.163 -36.692
120.186 -36.778
120.210 -38.620
120.233 -46.720
120.256 -47.696
120.279 -41.475
120.303 -41.473
120.326 -42.720
120.349 -38.037
120.372 -36.346
120.395 -37.767
120.419 -38.102
120.442 -38.301
120.465 -35.743
120.488 -38.360
120.512 -45.723
120.535 -43.729
120.558 -49.049
120.581 -51.441
120.604 -43.230
120.628 -41.335
120.651 -48.091
120.674 -55.552
120.697 -54.376
120.721 -61.974
120.744 -66.822
120.767 -59.404
120.790 -54.611
120.813 -54.287
120.837 -44.765
120.860 -40.100
120.883 -40.447
120.906 -45.722
120.930 -51.235
120.953 -57.066
120.976 -58.704
120.999 -53.743
121.022 -50.609
121.046 -49.961
121.069 -43.492
121.092 -42.975
121.115 -49.574
121.139 -56.616
121.162 -54.075
121.185 -53.578
121.208 -53.744
121.231 -48.734
121.255 -43.281
121.278 -40.455
121.301 -39.382
121.324 -38.165
121.347 -38.641
121.371 -38.848
121.394 -39.349
121.417 -38.467
121.440 -37.988
121.464 -38.686
121.487 -39.755
121.510 -39.543
121.533 -39.448
121.556 -39.671
121.580 -39.037
121.603 -40.149
121.626 -40.763
121.649 -41.176
121.673 -40.233
121.696 -40.324
121.719 -40.841
121.742 -41.071
121.765 -40.342
121.789 -40.116
121.812 -41.551
121.835 -44.378
121.858 -47.266
121.882 -48.822
121.905 -48.081
121.928 -48.722
121.951 -49.408
121.974 -49.871
121.998 -49.771
122.021 -49.993
122.044 -48.911
122.067 -50.418
122.091 -51.578
122.114 -53.262
122.137 -54.743
122.160 -59.904
122.183 -58.574
122.207 -59.094
122.230 -58.097
122.253 -56.115
122.276 -57.668
122.300 -64.797
122.323 -61.898
122.346 -60.543
122.369 -62.080
122.392 -63.404
122.416 -52.366
122.439 -51.033
122.462 -58.774
122.485 -59.311
122.508 -58.515
122.532 -59.369
122.555 -56.139
122.578 -56.852
122.601 -53.450
122.625 -53.069
122.648 -51.219
122.671 -55.113
122.694 -52.332
122.717 -54.652
122.741 -54.745
122.764 -54.222
122.787 -52.594
122.810 -53.661
122.834 -55.686
122.857 -56.082
122.880 -61.387
122.903 -62.822
122.926 -62.243
122.950 -64.612
122.973 -64.240
122.996 -64.206
123.019 -64.960
123.043 -62.027
123.066 -63.301
123.089 -66.470
123.112 -68.453
123.135 -64.465
123.159 -67.180
123.182 -66.915
123.205 -68.167
123.228 -68.243
123.252 -69.701
123.275 -67.799
123.298 -67.778
123.321 -69.585
123.344 -72.643
123.368 -72.246
123.391 -71.363
123.414 -72.272
123.437 -69.386
123.460 -67.337
123.484 -64.594
123.507 -68.328
123.530 -67.432
123.553 -68.698
123.577 -69.100
123.600 -62.355
123.623 -55.770
123.646 -60.264
123.669 -61.047
123.693 -66.354
123.716 -67.888
123.739 -69.331
123.762 -69.618
123.786 -73.484
123.809 -72.656
123.832 -74.469
123.855 -70.299
123.878 -75.171
123.902 -73.358
123.925 -74.143
123.948 -76.036
123.971 -75.415
123.995 -77.653
124.018 -78.642
124.041 -80.000
124.064 -80.000
124.087 -73.293
124.111 -71.844
124.134 -73.403
124.157 -71.210
124.180 -70.128
124.204 -70.135
124.227 -67.434
124.250 -71.557
124.273 -73.640
124.296 -78.042
124.320 -76.320
124.343 -79.638
124.366 -78.201
124.389 -80.000
124.413 -80.000
124.436 -80.000
124.459 -80.000
124.482 -80.000
124.505 -80.000
124.529 -80.000
124.552 -80.000
124.575 -80.000
124.598 -80.000
124.621 -80.000
124.645 -80.000
124.668 -80.000
124.691 -80.000
124.714 -80.000
124.738 -80.000
124.761 -80.000
124.784 -80.000
124.807 -76.653
124.830 -76.372
124.854 -75.606
124.877 -77.391
124.900 -80.000
124.923 -80.000
124.947 -80.000
124.970 -80.000
124.993 -80.000
125.016 -80.000
125.039 -80.000
125.063 -80.000
125.086 -80.000
125.109 -80.000
125.132 -80.000
125.156 -80.000
125.179 -80.000
125.202 -80.000
125.225 -80.000
125.248 -80.000
125.272 -80.000
125.295 -80.000
125.318 -80.000
125.341 -80.000
125.365 -80.000
125.388 -80.000
125.411 -80.000
125.434 -74.759
125.457 -72.050
125.481 -79.116
125.504 -80.000
125.527 -80.000
125.550 -80.000
125.574 -80.000
125.597 -80.000
125.620 -80.000
125.643 -80.000
125.666 -80.000
125.690 -80.000
125.713 -80.000
125.736 -80.000
125.759 -80.000
125.782 -80.000
125.806 -80.000
125.829 -80.000
125.852 -80.000
125.875 -80.000
125.899 -80.000
125.922 -80.000
125.945 -80.000
125.968 -80.000
125.991 -80.000
126.015 -61.946
126.038 -51.674
126.061 -45.893
126.084 -41.461
126.108 -40.815
126.131 -40.677
126.154 -41.783
126.177 -41.110
126.200 -40.691
126.224 -40.154
126.247 -39.877
126.270 -40.254
126.293 -40.129
126.317 -39.404
126.340 -39.154
126.363 -39.183
126.386 -38.689
126.409 -38.659
126.433 -38.886
126.456 -38.461
126.479 -38.019
126.502 -38.889
126.526 -39.088
126.549 -38.388
126.572 -37.773
126.595 -37.258
126.618 -38.658
126.642 -40.906
126.665 -42.136
126.688 -41.662
126.711 -41.516
126.735 -42.171
126.758 -42.711
126.781 -43.364
126.804 -44.378
126.827 -43.910
126.851 -43.348
126.874 -43.111
126.897 -43.637
126.920 -45.851
126.943 -50.608
126.967 -50.428
126.990 -48.447
127.013 -47.330
127.036 -46.511
127.060 -45.981
127.083 -46.745
127.106 -48.449
127.129 -48.291
127.152 -47.965
127.176 -48.829
127.199 -48.620
127.222 -45.674
127.245 -51.819
127.269 -56.344
127.292 -57.431
127.315 -57.288
127.338 -57.051
127.361 -52.424
127.385 -54.307
127.408 -50.613
127.431 -52.708
127.454 -50.266
127.478 -53.605
127.501 -49.413
127.524 -51.807
127.547 -49.352
127.570 -50.776
127.594 -48.043
127.617 -48.864
127.640 -47.961
127.663 -48.813
127.687 -50.680
127.710 -50.658
127.733 -50.706
127.756 -51.419
127.779 -53.710
127.803 -53.404
127.826 -57.353
127.849 -57.081
127.872 -59.913
127.896 -60.454
127.919 -63.869
127.942 -61.375
127.965 -62.533
127.988 -63.340
128.012 -64.535
128.035 -63.529
128.058 -62.440
128.081 -60.594
128.104 -62.753
128.128 -61.781
128.151 -64.685
128.174 -61.820
128.197 -61.830
128.221 -60.704
128.244 -58.784
128.267 -62.043
128.290 -63.624
128.313 -66.489
128.337 -65.392
128.360 -65.025
128.383 -63.488
128.406 -42.255
128.430 -21.581
128.453 -13.191
128.476 -10.891
128.499 -12.021
128.522 -13.180
128.546 -10.809
128.569 -11.562
128.592 -16.135
128.615 -25.641
128.639 -33.252
128.662 -31.633
128.685 -24.815
128.708 -21.581
128.731 -23.015
128.755 -30.398
128.778 -38.153
128.801 -34.876
128.824 -32.665
128.848 -29.274
128.871 -30.139
128.894 -34.813
128.917 -32.003
128.940 -34.550
128.964 -31.554
128.987 -25.180
129.010 -24.127
129.033 -28.471
129.057 -29.421
129.080 -30.837
129.103 -39.436
129.126 -38.303
129.149 -37.873
129.173 -40.646
129.196 -51.858
129.219 -54.131
129.242 -48.646
129.265 -40.401
129.289 -43.207
129.312 -46.013
129.335 -35.722
129.358 -31.727
129.382 -27.899
129.405 -25.605
129.428 -28.740
129.451 -30.427
129.474 -28.412
129.498 -29.337
129.521 -31.771
129.544 -34.159
129.567 -33.421
129.591 -34.316
129.614 -30.761
129.637 -29.315
129.660 -30.926
129.683 -32.293
129.707 -34.058
129.730 -35.149
129.753 -36.719
129.776 -36.794
129.800 -36.906
129.823 -42.555
129.846 -50.194
129.869 -43.824
129.892 -41.631
129.916 -43.523
129.939 -41.161
129.962 -36.598
129.985 -37.817
130.009 -38.270
130.032 -38.844
130.055 -37.374
130.078 -36.593
130.101 -43.787
130.125 -45.383
130.148 -45.838
130.171 -54.057
130.194 -46.283
130.218 -41.343
130.241 -43.967
130.264 -53.419
130.287 -53.887
130.310 -57.617
130.334 -66.369
130.357 -62.462
130.380 -55.500
130.403 -55.714
130.426 -48.995
130.450 -41.437
130.473 -39.646
130.496 -43.203
130.519 -48.278
130.543 -55.709
130.566 -59.086
130.589 -57.277
130.612 -51.138
130.635 -51.294
130.659 -46.000
130.682 -42.443
130.705 -46.192
130.728 -54.809
130.752 -55.826
130.775 -53.566
130.798 -55.193
130.821 -57.764
130.844 -53.801
130.868 -51.396
130.891 -53.158
130.914 -52.536
130.937 -49.344
130.961 -48.821
130.984 -52.389
131.007 -56.746
131.030 -55.076
131.053 -51.761
131.077 -54.517
131.100 -58.021
131.123 -61.743
131.146 -71.520
131.170 -66.548
131.193 -68.832
131.216 -65.555
131.239 -61.747
131.262 -67.427
131.286 -71.677
131.309 -69.356
131.332 -67.129
131.355 -69.641
131.379 -69.544
131.402 -66.235
131.425 -65.734
131.448 -63.269
131.471 -65.123
131.495 -69.001
131.518 -72.037
131.541 -73.629
131.564 -68.221
131.587 -63.584
131.611 -59.151
131.634 -58.580
131.657 -59.801
131.680 -64.616
131.704 -71.339
131.727 -69.755
131.750 -71.313
131.773 -72.207
131.796 -72.672
131.820 -71.109
131.843 -63.611
131.866 -59.539
131.889 -65.681
131.913 -66.220
131.936 -63.316
131.959 -64.044
131.982 -67.448
132.005 -71.982
132.029 -69.386
132.052 -69.270
132.075 -76.723
132.098 -80.000
132.122 -80.000
132.145 -80.000
132.168 -80.000
132.191 -74.668
132.214 -67.441
132.238 -68.879
132.261 -72.064
132.284 -72.729
132.307 -74.253
132.331 -80.000
132.354 -79.961
132.377 -80.000
132.400 -80.000
132.423 -80.000
132.447 -80.000
132.470 -78.593
132.493 -80.000
132.516 -80.000
132.540 -80.000
132.563 -80.000
132.586 -80.000
132.609 -73.833
132.632 -67.355
132.656 -63.096
132.679 -67.125
132.702 -74.714
132.725 -76.906
132.748 -74.876
132.772 -79.631
132.795 -80.000
132.818 -80.000
132.841 -80.000
132.865 -80.000
132.888 -80.000
132.911 -80.000
132.934 -80.000
132.957 -80.000
132.981 -80.000
133.004 -80.000
133.027 -80.000
133.050 -80.000
133.074 -80.000
133.097 -80.000
133.120 -80.000
133.143 -80.000
133.166 -80.000
133.190 -80.000
133.213 -79.873
133.236 -80.000
133.259 -79.728
133.283 -80.000
133.306 -80.000
133.329 -80.000
133.352 -80.000
133.375 -80.000
133.399 -80.000
133.422 -80.000
133.445 -80.000
133.468 -80.000
133.492 -80.000
133.515 -80.000
133.538 -80.000
133.561 -80.000
133.584 -80.000
133.608 -80.000
133.631 -80.000
133.654 -80.000
133.677 -80.000
133.700 -80.000
133.724 -80.000
133.747 -80.000
133.770 -80.000
133.793 -80.000
133.817 -80.000
133.840 -75.854
133.863 -73.519
133.886 -80.000
133.909 -80.000
133.933 -80.000
133.956 -80.000
133.979 -80.000
134.002 -80.000
134.026 -80.000
134.049 -80.000
134.072 -80.000
134.095 -80.000
134.118 -80.000
134.142 -80.000
134.165 -80.000
134.188 -80.000
134.211 -80.000
134.235 -80.000
134.258 -80.000
134.281 -80.000
134.304 -80.000
134.327 -80.000
134.351 -80.000
134.374 -80.000
134.397 -80.000
134.420 -80.000
134.444 -79.608
134.467 -78.322
134.490 -80.000
134.513 -80.000
134.536 -80.000
134.560 -80.000
134.583 -80.000
134.606 -80.000
134.629 -80.000
134.653 -80.000
134.676 -80.000
134.699 -80.000
134.722 -80.000
134.745 -80.000
134.769 -80.000
134.792 -80.000
134.815 -80.000
134.838 -80.000
134.861 -80.000
134.885 -80.000
134.908 -80.000
134.931 -80.000
134.954 -80.000
134.978 -80.000
135.001 -80.000
135.024 -76.177
135.047 -73.131
135.070 -75.654
135.094 -80.000
135.117 -80.000
135.140 -80.000
135.163 -80.000
135.187 -80.000
135.210 -80.000
135.233 -80.000
135.256 -80.000
135.279 -80.000
135.303 -80.000
135.326 -80.000
135.349 -80.000
135.372 -80.000
135.396 -80.000
135.419 -80.000
135.442 -80.000
135.465 -80.000
135.488 -80.000
135.512 -80.000
135.535 -80.000
135.558 -80.000
135.581 -80.000
135.605 -80.000
135.628 -80.000
135.651 -80.000
135.674 -80.000
135.697 -80.000
135.721 -80.000
135.744 -80.000
135.767 -80.000
135.790 -80.000
135.814 -80.000
135.837 -80.000
135.860 -80.000
135.883 -80.000
135.906 -80.000
135.930 -80.000
135.953 -80.000
135.976 -80.000
135.999 -80.000
136.022 -80.000
136.046 -80.000
136.069 -80.000
136.092 -80.000
136.115 -80.000
136.139 -80.000
136.162 -80.000
136.185 -80.000
136.208 -79.458
136.231 -70.210
136.255 -68.622
136.278 -74.412
136.301 -79.419
136.324 -80.000
136.348 -80.000
136.371 -80.000
136.394 -80.000
136.417 -80.000
136.440 -80.000
136.464 -80.000
136.487 -80.000
136.510 -80.000
136.533 -80.000
136.557 -80.000
136.580 -80.000
136.603 -80.000
136.626 -80.000
136.649 -80.000
136.673 -80.000
136.696 -80.000
136.719 -80.000
136.742 -80.000
136.766 -80.000
136.789 -80.000
136.812 -80.000
136.835 -77.214
136.858 -78.172
136.882 -80.000
136.905 -80.000
136.928 -80.000
136.951 -80.000
136.975 -80.000
136.998 -80.000
137.021 -80.000
137.044 -80.000
137.067 -80.000
137.091 -80.000
137.114 -80.000
137.137 -80.000
137.160 -80.000
137.183 -80.000
137.207 -80.000
137.230 -80.000
137.253 -80.000
137.276 -80.000
137.300 -80.000
137.323 -80.000
137.346 -80.000
137.369 -80.000
137.392 -80.000
137.416 -74.641
137.439 -66.933
137.462 -63.747
137.485 -72.091
137.509 -77.885
137.532 -80.000
137.555 -80.000
137.578 -80.000
137.601 -80.000
137.625 -80.000
137.648 -80.000
137.671 -80.000
137.694 -80.000
137.718 -80.000
137.741 -80.000
137.764 -80.000
137.787 -80.000
137.810 -80.000
137.834 -80.000
137.857 -80.000
137.880 -80.000
137.903 -80.000
137.927 -80.000
137.950 -80.000
137.973 -80.000
137.996 -60.404
138.019 -28.524
138.043 -16.367
138.066 -11.802
138.089 -11.488
138.112 -13.721
138.136 -11.897
138.159 -10.890
138.182 -13.527
138.205 -21.129
138.228 -30.920
138.252 -33.502
138.275 -28.059
138.298 -22.576
138.321 -22.069
138.344 -25.991
138.368 -35.963
138.391 -36.844
138.414 -33.464
138.437 -31.097
138.461 -28.967
138.484 -34.015
138.507 -34.050
138.530 -33.366
138.553 -35.242
138.577 -27.745
138.600 -24.451
138.623 -26.622
138.646 -30.274
138.670 -29.469
138.693 -35.970
138.716 -40.223
138.739 -38.418
138.762 -39.569
138.786 -46.519
138.809 -56.329
138.832 -53.038
138.855 -43.258
138.879 -40.458
138.902 -47.453
138.925 -39.750
138.948 -32.999
138.971 -29.916
138.995 -26.144
139.018 -27.014
139.041 -30.976
139.064 -29.142
139.088 -28.838
139.111 -30.523
139.134 -33.731
139.157 -33.414
139.180 -34.477
139.204 -32.479
139.227 -30.116
139.250 -31.023
139.273 -32.639
139.297 -33.746
139.320 -35.122
139.343 -36.478
139.366 -37.549
139.389 -37.355
139.413 -39.876
139.436 -48.539
139.459 -47.888
139.482 -42.109
139.505 -43.132
139.529 -43.520
139.552 -37.976
139.575 -37.133
139.598 -38.438
139.622 -38.702
139.645 -38.501
139.668 -36.277
139.691 -40.101
139.714 -46.557
139.738 -44.517
139.761 -51.202
139.784 -50.877
139.807 -42.953
139.831 -42.239
139.854 -50.345
139.877 -55.681
139.900 -55.418
139.923 -64.510
139.947 -66.639
139.970 -58.678
139.993 -55.225
140.016 -53.907
140.040 -43.937
140.063 -40.122
140.086 -41.353
140.109 -47.116
140.132 -53.290
140.156 -58.618
140.179 -58.917
140.202 -53.811
140.225 -51.634
140.249 -49.467
140.272 -43.825
140.295 -44.753
140.318 -52.313
140.341 -57.597
140.365 -54.852
140.388 -54.723
140.411 -57.423
140.434 -57.841
140.458 -53.763
140.481 -53.486
140.504 -53.846
140.527 -51.944
140.550 -50.067
140.574 -52.397
140.597 -55.752
140.620 -57.638
140.643 -53.801
140.666 -53.458
140.690 -58.240
140.713 -59.127
140.736 -67.595
140.759 -68.191
140.783 -67.096
140.806 -68.735
140.829 -62.572
140.852 -64.590
140.875 -73.179
140.899 -72.566
140.922 -68.085
140.945 -68.885
140.968 -71.303
140.992 -67.976
141.015 -68.028
141.038 -72.644
141.061 -72.845
141.084 -72.185
141.108 -76.146
141.131 -77.018
141.154 -73.072
141.177 -67.161
141.201 -62.727
141.224 -60.082
141.247 -59.830
141.270 -63.465
141.293 -71.013
141.317 -76.646
141.340 -75.451
141.363 -77.128
141.386 -77.249
141.410 -74.871
141.433 -69.020
141.456 -62.079
141.479 -63.552
141.502 -68.058
141.526 -65.160
141.549 -64.316
141.572 -66.229
141.595 -71.346
141.619 -77.373
141.642 -72.950
141.665 -76.022
141.688 -80.000
141.711 -80.000
141.735 -80.000
141.758 -80.000
141.781 -80.000
141.804 -72.275
141.827 -69.064
141.851 -70.319
141.874 -74.227
141.897 -73.640
141.920 -79.407
141.944 -80.000
141.967 -80.000
141.990 -80.000
142.013 -80.000
142.036 -80.000
142.060 -80.000
142.083 -80.000
142.106 -80.000
142.129 -80.000
142.153 -80.000
142.176 -80.000
142.199 -80.000
142.222 -80.000
142.245 -80.000
142.269 -80.000
142.292 -80.000
142.315 -80.000
142.338 -80.000
142.362 -80.000
142.385 -80.000
142.408 -80.000
142.431 -80.000
142.454 -80.000
142.478 -80.000
142.501 -80.000
142.524 -80.000
142.547 -80.000
142.571 -80.000
142.594 -80.000
142.617 -80.000
142.640 -80.000
142.663 -80.000
142.687 -80.000
142.710 -80.000
142.733 -80.000
142.756 -80.000
142.780 -80.000
142.803 -80.000
142.826 -80.000
142.849 -80.000
142.872 -80.000
142.896 -80.000
142.919 -80.000
142.942 -80.000
142.965 -80.000
142.988 -80.000
143.012 -80.000
143.035 -80.000
143.058 -80.000
143.081 -80.000
143.105 -80.000
143.128 -80.000
143.151 -80.000
143.174 -80.000
143.197 -80.000
143.221 -80.000
143.244 -80.000
143.267 -80.000
143.290 -80.000
143.314 -80.000
143.337 -80.000
143.360 -80.000
143.383 -80.000
143.406 -80.000
143.430 -80.000
143.453 -80.000
143.476 -80.000
143.499 -80.000
143.523 -80.000
143.546 -80.000
143.569 -80.000
143.592 -80.000
143.615 -80.000
143.639 -80.000
143.662 -80.000
143.685 -80.000
143.708 -80.000
143.732 -80.000
143.755 -80.000
143.778 -80.000
143.801 -80.000
143.824 -80.000
143.848 -80.000
143.871 -80.000
143.894 -80.000
143.917 -80.000
143.940 -80.000
143.964 -80.000
143.987 -80.000
144.010 -80.000
144.033 -80.000
144.057 -80.000
144.080 -80.000
144.103 -80.000
144.126 -80.000
144.149 -80.000
144.173 -80.000
144.196 -80.000
144.219 -80.000
144.242 -80.000
144.266 -80.000
144.289 -80.000
144.312 -80.000
144.335 -80.000
144.358 -80.000
144.382 -80.000
144.405 -80.000
144.428 -80.000
144.451 -80.000
144.475 -80.000
144.498 -80.000
144.521 -80.000
144.544 -80.000
144.567 -80.000
144.591 -80.000
144.614 -80.000
144.637 -80.000
144.660 -80.000
144.684 -80.000
144.707 -80.000
144.730 -80.000
144.753 -80.000
144.776 -80.000
144.800 -80.000
144.823 -80.000
144.846 -80.000
144.869 -80.000
144.893 -80.000
144.916 -80.000
144.939 -80.000
144.962 -80.000
144.985 -80.000
145.009 -80.000
145.032 -80.000
145.055 -80.000
145.078 -80.000
145.101 -80.000
145.125 -80.000
145.148 -80.000
145.171 -80.000
145.194 -80.000
145.218 -80.000
145.241 -80.000
145.264 -80.000
145.287 -80.000
145.310 -80.000
145.334 -80.000
145.357 -80.000
145.380 -80.000
145.403 -80.000
145.427 -80.000
145.450 -80.000
145.473 -80.000
145.496 -80.000
145.519 -80.000
145.543 -80.000
145.566 -80.000
145.589 -80.000
145.612 -80.000
145.636 -80.000
145.659 -80.000
145.682 -80.000
145.705 -80.000
145.728 -80.000
145.752 -80.000
145.775 -80.000
145.798 -80.000
145.821 -80.000
145.845 -80.000
145.868 -80.000
145.891 -80.000
145.914 -80.000
145.937 -80.000
145.961 -80.000
145.984 -80.000
146.007 -80.000
146.030 -80.000
146.054 -80.000
146.077 -80.000
146.100 -80.000
146.123 -80.000
146.146 -80.000
146.170 -80.000
146.193 -80.000
146.216 -80.000
146.239 -80.000
146.262 -80.000
146.286 -80.000
146.309 -80.000
146.332 -80.000
146.355 -80.000
146.379 -80.000
146.402 -80.000
146.425 -80.000
146.448 -80.000
146.471 -80.000
146.495 -80.000
146.518 -80.000
146.541 -80.000
146.564 -80.000
146.588 -80.000
146.611 -80.000
146.634 -80.000
146.657 -80.000
146.680 -80.000
146.704 -80.000
146.727 -80.000
146.750 -80.000
146.773 -80.000
146.797 -80.000
146.820 -80.000
146.843 -80.000
146.866 -80.000
146.889 -80.000
146.913 -80.000
146.936 -80.000
146.959 -80.000
146.982 -80.000
147.006 -80.000
147.029 -80.000
147.052 -80.000
147.075 -80.000
147.098 -80.000
147.122 -80.000
147.145 -80.000
147.168 -80.000
147.191 -80.000
147.215 -80.000
147.238 -80.000
147.261 -80.000
147.284 -80.000
147.307 -80.000
147.331 -80.000
147.354 -80.000
147.377 -80.000
147.400 -80.000
147.423 -80.000
147.447 -80.000
147.470 -80.000
147.493 -80.000
147.516 -80.000
147.540 -80.000
147.563 -80.000
147.586 -80.000
147.609 -80.000
147.632 -80.000
