0.070
0.302
0.534
0.766
0.998
1.231
1.440
1.672
1.904
2.136
2.345
2.577
2.833
3.065
3.251
3.483
3.738
4.040
4.110
4.389
4.667
4.992
5.317
5.596
5.898
6.223
6.502
6.803
7.129
7.384
7.663
8.011
8.266
8.568
8.824
9.033
9.242
9.474
9.706
9.938
10.147
10.379
10.612
10.820
11.053
11.285
11.517
11.749
11.958
12.190
12.910
13.119
13.328
14.303
14.420
15.557
16.625
16.858
17.508
17.786
18.088
18.390
18.692
18.994
19.273
19.574
19.876
20.178
20.480
20.782
21.060
21.362
21.664
21.966
22.268
22.570
22.872
23.150
23.452
23.754
24.056
24.358
24.660
24.961
25.263
25.565
25.844
26.146
26.448
26.749
27.051
27.353
27.655
27.957
28.259
28.561
28.839
29.141
29.443
29.745
30.047
30.348
30.650
30.952
31.254
31.533
31.835
32.136
32.438
32.740
33.042
33.344
33.646
33.948
34.249
34.551
34.853
35.132
35.434
35.736
36.037
36.339
36.641
36.943
37.222
37.523
37.825
38.127
38.429
38.708
39.010
39.311
39.590
39.892
40.194
40.472
40.774
41.053
41.355
41.633
41.935
42.214
42.516
42.818
43.119
43.421
43.700
44.025
44.304
44.582
44.884
45.163
45.558
45.836
46.161
46.370
46.649
46.881
47.183
47.671
47.880
48.205
48.692
49.203
49.714
50.178
50.643
50.875
51.270
51.711
52.106
52.524
52.895
53.290
53.708
54.126
54.520
54.938
55.310
55.681
56.123
56.494
56.819
57.051
57.353
57.655
57.980
58.282
58.538
58.863
59.188
59.420
59.722
60.070
60.534
60.906
61.277
61.719
62.113
62.508
62.926
63.321
63.716
64.087
64.203
64.551
64.900
65.248
65.480
65.782
66.061
66.363
66.664
66.966
67.268
67.570
67.872
68.174
68.476
68.778
69.056
69.358
69.660
69.962
70.264
70.565
70.867
71.169
71.471
71.773
72.075
72.377
72.678
72.980
73.282
73.584
73.863
74.165
74.466
74.768
75.070
75.372
75.674
75.952
76.254
76.556
76.858
77.160
77.462
77.740
78.042
78.344
78.646
78.948
79.226
79.528
79.830
80.109
80.411
80.689
80.968
81.340
81.850
82.361
82.872
83.336
83.987
84.614
84.822
85.194
85.821
86.100
86.401
87.052
87.353
87.632
87.957
88.259
88.584
88.886
89.188
89.490
89.792
90.093
90.372
90.674
90.976
91.278
91.580
91.858
92.160
92.462
92.764
93.066
93.367
93.669
93.971
94.273
94.598
94.900
95.202
95.504
95.782
96.084
96.386
96.688
96.990
97.292
97.593
97.895
98.174
98.476
98.778
99.080
99.381
99.683
99.985
100.287
100.589
100.867
101.169
101.471
101.773
102.075
102.377
102.679
102.980
103.282
103.584
103.863
104.165
104.467
104.768
105.070
105.372
105.674
105.976
106.278
106.580
106.881
107.183
107.485
107.787
108.089
108.391
108.693
108.971
109.273
109.575
109.877
110.179
110.481
110.782
111.061
111.363
111.665
111.967
112.268
112.570
112.872
113.151
113.453
113.755
114.056
114.358
114.660
114.939
115.241
115.566
115.821
116.193
116.425
116.634
117.029
117.238
117.423
117.632
117.841
118.027
118.259
118.445
118.631
118.863
119.049
119.234
119.467
119.676
119.838
120.070
120.303
120.442
120.674
120.930
121.046
121.278
121.533
121.858
122.462
123.043
123.623
124.227
124.830
125.434
125.829
126.038
126.386
126.642
126.990
127.245
127.570
127.849
128.151
128.453
128.755
129.057
129.358
129.637
129.939
130.241
130.543
130.844
131.146
131.425
132.029
132.609
133.213
133.793
134.420
135.024
135.628
135.999
136.231
136.580
136.835
137.160
137.439
137.741
138.043
138.344
138.623
138.925
139.227
139.529
139.831
140.132
140.411
140.713
141.015
141.317
141.619
141.897
142.199
142.501
142.780
143.081
143.383
143.662
143.940
144.196
144.800
145.101
145.334
146.262
146.495
146.843
147.029
147.377
