0.023 17.507
0.046 25.249
0.070 28.523
0.093 34.039
0.116 37.137
0.139 38.298
0.163 38.047
0.186 38.180
0.209 36.900
0.232 35.860
0.255 32.198
0.279 31.451
0.302 33.677
0.325 35.576
0.348 32.645
0.372 30.440
0.395 29.550
0.418 27.787
0.441 31.093
0.464 30.898
0.488 27.987
0.511 29.520
0.534 30.941
0.557 28.936
0.580 28.052
0.604 26.584
0.627 27.581
0.650 31.188
0.673 34.311
0.697 27.808
0.720 25.641
0.743 28.252
0.766 25.451
0.789 24.682
0.813 25.171
0.836 24.468
0.859 27.906
0.882 27.467
0.906 27.605
0.929 30.241
0.952 33.356
0.975 31.123
0.998 30.526
1.022 28.512
1.045 26.396
1.068 25.550
1.091 24.352
1.115 23.637
1.138 25.091
1.161 24.868
1.184 24.048
1.207 23.572
1.231 23.339
1.254 23.059
1.277 25.793
1.300 25.119
1.324 25.239
1.347 26.273
1.370 27.502
1.393 27.947
1.416 27.929
1.440 24.972
1.463 23.543
1.486 26.290
1.509 26.818
1.533 26.702
1.556 26.253
1.579 25.230
1.602 24.960
1.625 25.663
1.649 25.472
1.672 26.291
1.695 24.928
1.718 24.548
1.741 24.229
1.765 23.051
1.788 22.298
1.811 22.541
1.834 23.748
1.858 24.195
1.881 25.858
1.904 24.179
1.927 22.223
1.950 19.573
1.974 20.816
1.997 21.611
2.020 23.140
2.043 21.383
2.067 21.382
2.090 20.324
2.113 20.118
2.136 19.887
2.159 20.775
2.183 20.845
2.206 23.143
2.229 23.214
2.252 19.856
2.276 21.422
2.299 24.834
2.322 21.137
2.345 23.324
2.368 21.877
2.392 21.416
2.415 23.378
2.438 22.830
2.461 20.936
2.485 18.125
2.508 19.712
2.531 18.283
2.554 19.804
2.577 18.930
2.601 18.997
2.624 18.885
2.647 22.579
2.670 18.853
2.694 20.376
2.717 20.446
2.740 18.070
2.763 17.491
2.786 17.036
2.810 19.689
2.833 17.580
2.856 17.426
2.879 17.124
2.902 19.092
2.926 17.768
2.949 15.876
2.972 16.453
2.995 16.988
3.019 16.436
3.042 19.759
3.065 19.116
3.088 17.974
3.111 18.059
3.135 16.096
3.158 16.915
3.181 18.141
3.204 18.369
3.228 18.650
3.251 17.028
3.274 19.635
3.297 18.942
3.320 18.651
3.344 18.638
3.367 18.463
3.390 17.565
3.413 16.319
3.437 15.763
3.460 16.863
3.483 16.316
3.506 17.575
3.529 18.345
3.553 15.831
3.576 18.965
3.599 18.385
3.622 16.143
3.646 14.946
3.669 15.768
3.692 16.455
3.715 18.527
3.738 17.843
3.762 15.555
3.785 15.719
3.808 15.730
3.831 15.749
3.855 15.131
3.878 16.138
3.901 14.610
3.924 13.681
3.947 14.452
3.971 17.196
3.994 13.375
4.017 12.910
4.040 12.217
4.063 12.978
4.087 13.935
4.110 14.669
4.133 17.055
4.156 13.184
4.180 12.561
4.203 11.096
4.226 12.534
4.249 13.268
4.272 11.776
4.296 13.248
4.319 11.879
4.342 12.291
4.365 13.271
4.389 15.226
4.412 13.194
4.435 10.832
4.458 11.553
4.481 12.865
4.505 11.195
4.528 11.468
4.551 10.959
4.574 10.539
4.598 11.289
4.621 10.039
4.644 11.836
4.667 14.360
4.690 12.811
4.714 14.581
4.737 10.580
4.760 10.161
4.783 10.372
4.807 10.672
4.830 8.147
4.853 9.357
4.876 10.670
4.899 7.715
4.923 8.337
4.946 11.435
4.969 12.373
4.992 10.767
5.016 11.589
5.039 11.385
5.062 9.189
5.085 8.931
5.108 9.881
5.132 10.810
5.155 9.411
5.178 10.158
5.201 8.613
5.224 6.222
5.248 8.364
5.271 7.148
5.294 8.219
5.317 7.294
5.341 8.091
5.364 10.382
5.387 8.783
5.410 8.689
5.433 8.320
5.457 6.993
5.480 6.752
5.503 6.693
5.526 6.664
5.550 7.664
5.573 11.216
5.596 9.316
5.619 7.977
5.642 7.412
5.666 4.762
5.689 3.431
5.712 7.486
5.735 5.766
5.759 4.042
5.782 3.633
5.805 4.869
5.828 5.629
5.851 4.023
5.875 4.990
5.898 6.791
5.921 6.391
5.944 6.950
5.968 4.000
5.991 3.434
6.014 4.106
6.084 3.036
6.107 3.731
6.130 2.671
6.153 5.070
6.177 6.478
6.200 6.062
6.223 6.888
6.246 7.323
6.269 4.749
6.293 3.443
6.316 4.404
6.455 3.322
6.478 4.704
6.502 4.654
6.525 2.856
6.548 2.929
6.827 3.488
6.943 3.177
7.361 2.609
9.056 2.697
9.149 4.743
9.172 9.940
9.195 6.848
9.288 2.793
9.311 5.859
9.334 8.325
9.358 8.240
9.381 7.008
9.404 5.325
9.427 7.301
9.451 12.623
9.474 12.425
9.497 10.817
9.520 9.750
9.543 13.948
9.567 13.622
9.590 9.649
9.613 9.880
9.636 8.891
9.660 6.262
9.683 7.682
9.706 13.922
9.729 12.582
9.752 12.993
9.776 16.497
9.799 17.734
9.822 17.294
9.845 11.760
9.868 11.146
9.892 17.608
9.915 20.821
9.938 17.060
9.961 11.307
9.985 15.482
10.008 17.739
10.031 17.364
10.054 13.205
10.077 10.236
10.101 10.129
10.124 11.278
10.147 11.555
10.170 11.087
10.194 11.916
10.217 14.252
10.240 13.035
10.263 17.227
10.286 17.585
10.310 16.945
10.333 22.570
10.356 20.020
10.379 15.898
10.403 18.010
10.426 17.494
10.449 19.457
10.472 21.809
10.495 20.564
10.519 17.560
10.542 16.869
10.565 17.706
10.588 16.960
10.612 18.079
10.635 20.667
10.658 20.798
10.681 19.401
10.704 19.867
10.728 18.408
10.751 21.676
10.774 26.472
10.797 27.087
10.820 28.032
10.844 28.381
10.867 24.088
10.890 25.015
10.913 27.128
10.937 26.642
10.960 27.927
10.983 24.395
11.006 22.650
11.029 20.584
11.053 23.716
11.076 24.960
11.099 25.958
11.122 26.088
11.146 24.436
11.169 23.350
11.192 24.633
11.215 25.050
11.238 26.671
11.262 25.138
11.285 23.956
11.308 20.713
11.331 21.443
11.355 21.214
11.378 22.149
11.401 21.033
11.424 20.035
11.447 19.714
11.471 20.424
11.494 19.882
11.517 14.116
11.540 13.811
11.564 16.223
11.587 17.013
11.610 17.606
11.633 15.807
11.656 13.215
11.680 14.719
11.703 13.992
11.726 17.725
11.749 21.656
11.773 19.170
11.796 17.068
11.819 11.665
11.842 8.142
11.865 10.764
11.889 10.304
11.912 10.354
11.935 14.088
11.958 15.738
11.981 13.585
12.005 13.988
12.028 15.997
12.051 13.905
12.074 10.516
12.098 8.813
12.121 7.885
12.144 8.760
12.167 14.771
12.190 17.851
12.214 13.777
12.237 9.944
12.260 10.953
12.283 9.174
12.307 8.358
12.330 8.469
12.353 9.950
12.376 8.102
12.399 8.885
12.423 8.572
12.446 8.154
12.469 8.521
12.492 8.879
12.516 9.363
12.539 7.496
12.562 7.913
12.585 6.343
12.608 8.420
12.632 11.246
12.655 11.537
12.678 9.403
12.701 10.898
12.725 9.899
12.748 12.020
12.771 8.798
12.794 8.576
12.817 8.443
12.841 8.600
12.864 7.693
12.887 8.542
12.910 19.998
12.934 26.816
12.957 25.905
12.980 20.750
13.003 20.995
13.026 21.759
13.050 19.802
13.073 17.777
13.096 20.636
13.119 25.721
13.142 28.322
13.166 29.660
13.189 30.193
13.212 27.530
13.235 19.802
13.259 14.276
13.282 14.377
13.305 14.284
13.328 14.222
13.351 16.048
13.375 22.946
13.398 24.447
13.421 19.458
13.444 18.552
13.468 16.641
13.491 15.132
13.514 11.381
13.537 14.115
13.560 20.487
13.584 22.631
13.607 22.209
13.630 21.021
13.653 19.298
13.677 13.697
13.700 11.080
13.723 8.090
13.746 12.688
13.769 14.363
13.793 14.453
13.816 16.710
13.839 22.058
13.862 19.332
13.886 12.044
13.909 12.156
13.932 12.352
13.955 11.681
13.978 12.452
14.002 15.215
14.025 16.996
14.048 18.523
14.071 19.295
14.095 20.032
14.118 21.985
14.141 23.212
14.164 26.183
14.187 28.572
14.211 29.716
14.234 30.809
14.257 29.064
14.280 22.565
14.303 15.359
14.327 15.608
14.350 14.926
14.373 14.022
14.396 14.702
14.420 16.256
14.443 20.085
14.466 20.531
14.489 19.206
14.512 16.769
14.536 15.062
14.559 14.680
14.582 15.398
14.605 18.170
14.629 19.902
14.652 21.495
14.675 22.965
14.698 21.415
14.721 15.473
14.745 12.646
14.768 12.978
14.791 14.817
14.814 15.198
14.838 12.776
14.861 13.901
14.884 15.639
14.907 16.697
14.930 16.070
14.954 14.848
14.977 15.191
15.000 18.410
15.023 19.504
15.047 18.831
15.070 18.121
15.093 18.484
15.116 17.387
15.139 16.535
15.163 15.909
15.186 13.380
15.209 11.205
15.232 12.351
15.256 11.704
15.279 8.911
15.302 10.158
15.325 12.783
15.348 14.271
15.372 14.750
15.395 14.683
15.418 14.070
15.441 13.933
15.464 13.828
15.488 19.320
15.511 20.359
15.534 19.462
15.557 17.119
15.581 15.281
15.604 13.839
15.627 16.304
15.650 19.890
15.673 19.794
15.697 19.209
15.720 18.170
15.743 17.471
15.766 17.110
15.790 15.793
15.813 14.932
15.836 15.441
15.859 15.588
15.882 14.828
15.906 13.419
15.929 13.314
15.952 14.060
15.975 14.079
15.999 10.650
16.022 11.042
16.045 13.323
16.068 14.363
16.091 14.618
16.115 13.273
16.138 11.947
16.161 13.230
16.184 13.658
16.208 12.013
16.231 11.451
16.254 10.554
16.277 8.407
16.300 8.559
16.324 9.200
16.347 8.744
16.370 6.810
16.393 10.271
16.417 10.212
16.440 8.380
16.463 5.562
16.486 7.559
16.509 10.758
16.533 10.208
16.556 6.742
16.579 6.599
16.602 7.874
16.625 6.900
16.649 5.469
16.672 6.766
16.695 6.355
16.718 6.456
16.742 3.439
16.765 3.812
16.788 5.435
16.811 4.451
16.834 6.161
16.858 10.038
16.881 9.939
16.904 4.529
16.927 3.699
16.951 6.978
16.974 6.412
16.997 5.834
17.020 6.169
17.043 4.414
17.090 4.041
17.113 6.610
17.136 10.016
17.160 7.898
17.183 5.870
17.206 2.922
17.229 3.491
17.252 2.646
17.276 2.647
17.299 3.646
17.322 4.500
17.345 4.703
17.415 4.811
17.438 3.344
17.694 8.160
17.717 23.415
17.740 27.381
17.763 24.742
17.786 19.657
17.810 20.657
17.833 20.408
17.856 18.252
17.879 18.563
17.903 21.638
17.926 26.889
17.949 28.656
17.972 29.568
17.995 29.524
18.019 25.518
18.042 16.649
18.065 15.009
18.088 15.051
18.112 14.680
18.135 14.208
18.158 18.899
18.181 23.695
18.204 22.167
18.228 16.017
18.251 16.130
18.274 15.951
18.297 17.012
18.321 16.690
18.344 16.254
18.367 15.767
18.390 20.785
18.413 20.981
18.437 18.901
18.460 18.788
18.483 14.972
18.506 12.622
18.530 13.036
18.553 12.871
18.576 12.327
18.599 12.198
18.622 20.035
18.646 21.316
18.669 16.230
18.692 12.565
18.715 13.497
18.739 12.077
18.762 10.754
18.785 13.439
18.808 13.622
18.831 14.773
18.855 18.553
18.878 19.318
18.901 15.026
18.924 13.998
18.947 15.339
18.971 15.485
18.994 15.383
19.017 14.694
19.040 15.502
19.064 15.473
19.087 18.955
19.110 22.796
19.133 27.384
19.156 28.424
19.180 28.914
19.203 28.125
19.226 25.205
19.249 26.487
19.273 22.119
19.296 19.186
19.319 21.284
19.342 20.522
19.365 19.375
19.389 17.870
19.412 15.805
19.435 17.843
19.458 19.577
19.482 18.434
19.505 19.075
19.528 21.266
19.551 21.211
19.574 22.834
19.598 23.229
19.621 21.990
19.644 19.463
19.667 22.806
19.691 24.425
19.714 20.372
19.737 16.880
19.760 20.427
19.783 20.578
19.807 19.475
19.830 17.133
19.853 15.002
19.876 10.518
19.900 9.268
19.923 15.376
19.946 16.296
19.969 15.869
19.992 16.152
20.016 20.598
20.039 24.045
20.062 23.516
20.085 20.849
20.108 18.469
20.132 23.635
20.155 25.398
20.178 23.976
20.201 20.821
20.225 17.995
20.248 13.640
20.271 14.240
20.294 19.880
20.317 20.258
20.341 19.244
20.364 17.754
20.387 16.240
20.410 21.827
20.434 25.301
20.457 24.626
20.480 22.901
20.503 26.616
20.526 27.443
20.550 27.723
20.573 26.689
20.596 22.203
20.619 21.772
20.643 22.062
20.666 24.931
20.689 26.089
20.712 25.643
20.735 25.044
20.759 24.934
20.782 22.849
20.805 25.631
20.828 27.430
20.852 26.735
20.875 23.849
20.898 21.545
20.921 21.546
20.944 22.752
20.968 22.120
20.991 18.619
21.014 20.340
21.037 20.804
21.060 23.223
21.084 20.632
21.107 17.825
21.130 17.502
21.153 17.479
21.177 19.243
21.200 19.896
21.223 18.848
21.246 18.021
21.269 16.416
21.293 14.952
21.316 16.875
21.339 20.200
21.362 21.622
21.386 20.201
21.409 16.685
21.432 17.059
21.455 16.008
21.478 16.048
21.502 13.731
21.525 13.598
21.548 15.912
21.571 15.821
21.595 14.583
21.618 18.890
21.641 20.402
21.664 22.499
21.687 22.807
21.711 20.063
21.734 18.405
21.757 20.938
21.780 21.469
21.804 18.890
21.827 15.594
21.850 14.297
21.873 16.053
21.896 17.563
21.920 18.478
21.943 19.618
21.966 19.388
21.989 18.055
22.013 16.754
22.036 15.655
22.059 16.325
22.082 18.681
22.105 20.820
22.129 23.131
22.152 21.886
22.175 20.133
22.198 18.052
22.221 19.967
22.245 19.875
22.268 20.046
22.291 17.773
22.314 17.870
22.338 16.810
22.361 16.488
22.384 18.348
22.407 17.990
22.430 13.873
22.454 14.596
22.477 17.143
22.500 17.443
22.523 20.027
22.547 24.360
22.570 23.635
22.593 22.152
22.616 19.217
22.639 15.720
22.663 15.892
22.686 17.868
22.709 20.996
22.732 23.995
22.756 24.704
22.779 26.823
22.802 25.481
22.825 18.409
22.848 18.546
22.872 18.251
22.895 17.316
22.918 18.642
22.941 19.458
22.965 18.647
22.988 22.569
23.011 20.503
23.034 15.204
23.057 14.346
23.081 15.565
23.104 16.640
23.127 18.631
23.150 19.795
23.174 20.128
23.197 20.420
23.220 19.944
23.243 14.972
23.266 14.402
23.290 15.130
23.313 15.480
23.336 14.720
23.359 13.293
23.382 12.743
23.406 14.978
23.429 18.056
23.452 18.471
23.475 18.826
23.499 16.315
23.522 15.988
23.545 14.756
23.568 15.260
23.591 14.454
23.615 14.156
23.638 12.846
23.661 13.775
23.684 12.512
23.708 14.626
23.731 17.864
23.754 23.237
23.777 27.572
23.800 27.899
23.824 28.089
23.847 27.425
23.870 23.955
23.893 17.754
23.917 13.947
23.940 14.293
23.963 14.056
23.986 12.504
24.009 15.744
24.033 18.699
24.056 20.311
24.079 19.147
24.102 17.084
24.126 16.077
24.149 14.606
24.172 14.748
24.195 16.016
24.218 16.248
24.242 15.517
24.265 14.358
24.288 14.341
24.311 15.997
24.335 18.424
24.358 17.420
24.381 17.334
24.404 14.412
24.427 13.652
24.451 12.113
24.474 13.389
24.497 15.508
24.520 15.858
24.543 15.700
24.567 15.625
24.590 12.455
24.613 15.814
24.636 19.526
24.660 20.460
24.683 19.929
24.706 16.653
24.729 15.035
24.752 12.793
24.776 11.521
24.799 13.113
24.822 12.776
24.845 11.325
24.869 11.047
24.892 11.108
24.915 15.924
24.938 18.030
24.961 18.173
24.985 17.151
25.008 15.245
25.031 14.523
25.054 12.392
25.078 18.230
25.101 19.231
25.124 19.144
25.147 17.820
25.170 19.498
25.194 18.544
25.217 19.855
25.240 22.454
25.263 23.864
25.287 22.159
25.310 19.340
25.333 16.268
25.356 14.747
25.379 16.185
25.403 15.955
25.426 15.981
25.449 12.524
25.472 11.286
25.496 10.781
25.519 15.271
25.542 18.858
25.565 18.148
25.588 18.713
25.612 14.757
25.635 15.276
25.658 17.469
25.681 19.830
25.704 18.375
25.728 17.469
25.751 15.920
25.774 15.930
25.797 16.465
25.821 19.383
25.844 20.676
25.867 19.554
25.890 16.677
25.913 16.222
25.937 17.455
25.960 17.658
25.983 16.490
26.006 16.954
26.030 17.083
26.053 17.323
26.076 15.361
26.099 14.678
26.122 17.891
26.146 18.589
26.169 18.139
26.192 17.871
26.215 13.741
26.239 16.468
26.262 17.115
26.285 16.578
26.308 15.412
26.331 15.894
26.355 15.247
26.378 13.954
26.401 17.329
26.424 19.778
26.448 20.857
26.471 22.895
26.494 22.560
26.517 19.197
26.540 20.263
26.564 21.625
26.587 21.262
26.610 15.605
26.633 15.777
26.657 17.404
26.680 17.410
26.703 18.512
26.726 19.831
26.749 19.095
26.773 18.273
26.796 17.870
26.819 18.791
26.842 19.057
26.865 21.060
26.889 21.921
26.912 20.920
26.935 21.522
26.958 22.046
26.982 19.274
27.005 18.760
27.028 20.217
27.051 19.672
27.074 21.464
27.098 18.365
27.121 17.542
27.144 17.410
27.167 20.179
27.191 19.648
27.214 17.726
27.237 17.180
27.260 19.740
27.283 20.095
27.307 17.966
27.330 20.603
27.353 23.790
27.376 22.296
27.400 21.550
27.423 17.081
27.446 18.308
27.469 21.371
27.492 17.727
27.516 22.640
27.539 24.779
27.562 25.986
27.585 26.710
27.609 23.771
27.632 19.015
27.655 18.218
27.678 18.039
27.701 17.594
27.725 17.183
27.748 18.194
27.771 20.974
27.794 22.073
27.818 18.483
27.841 15.111
27.864 13.880
27.887 14.462
27.910 18.686
27.934 19.295
27.957 21.280
27.980 18.590
28.003 18.078
28.026 19.174
28.050 17.217
28.073 15.846
28.096 16.338
28.119 15.905
28.143 15.492
28.166 15.302
28.189 17.199
28.212 17.827
28.235 18.308
28.259 17.932
28.282 17.276
28.305 14.586
28.328 11.082
28.352 14.010
28.375 12.970
28.398 11.204
28.421 10.357
28.444 12.769
28.468 14.591
28.491 14.569
28.514 15.934
28.537 19.275
28.561 18.665
28.584 16.536
28.607 17.734
28.630 16.364
28.653 13.498
28.677 14.225
28.700 18.288
28.723 22.235
28.746 23.254
28.770 24.804
28.793 24.524
28.816 21.969
28.839 24.389
28.862 25.281
28.886 24.327
28.909 18.439
28.932 16.630
28.955 16.347
28.979 16.415
29.002 14.119
29.025 12.797
29.048 12.508
29.071 12.868
29.095 14.447
29.118 17.053
29.141 19.724
29.164 22.928
29.187 21.293
29.211 19.536
29.234 18.206
29.257 18.561
29.280 22.200
29.304 20.842
29.327 15.290
29.350 16.224
29.373 17.728
29.396 16.252
29.420 18.427
29.443 18.753
29.466 19.575
29.489 17.468
29.513 15.512
29.536 15.357
29.559 15.000
29.582 15.692
29.605 16.123
29.629 15.708
29.652 14.813
29.675 16.375
29.698 16.624
29.722 17.505
29.745 22.616
29.768 22.418
29.791 18.942
29.814 15.888
29.838 12.404
29.861 14.960
29.884 19.684
29.907 21.065
29.931 19.274
29.954 16.590
29.977 13.704
30.000 16.886
30.023 22.011
30.047 23.854
30.070 23.676
30.093 19.868
30.116 18.697
30.140 19.688
30.163 19.194
30.186 22.264
30.209 17.339
30.232 15.669
30.256 14.107
30.279 14.204
30.302 18.725
30.325 21.118
30.348 20.655
30.372 19.866
30.395 17.832
30.418 15.704
30.441 14.751
30.465 20.108
30.488 21.920
30.511 19.108
30.534 14.499
30.557 15.692
30.581 14.286
30.604 17.789
30.627 22.373
30.650 20.204
30.674 17.964
30.697 17.158
30.720 18.494
30.743 18.601
30.766 21.117
30.790 20.533
30.813 15.952
30.836 15.145
30.859 15.795
30.883 17.545
30.906 18.035
30.929 21.461
30.952 21.130
30.975 20.438
30.999 19.503
31.022 18.058
31.045 16.290
31.068 19.808
31.092 21.441
31.115 19.267
31.138 20.502
31.161 17.263
31.184 16.473
31.208 20.526
31.231 23.567
31.254 21.028
31.277 21.695
31.300 21.262
31.324 19.524
31.347 20.903
31.370 24.670
31.393 23.126
31.417 19.786
31.440 17.025
31.463 20.206
31.486 19.152
31.509 21.933
31.533 24.927
31.556 21.577
31.579 19.916
31.602 21.962
31.626 22.877
31.649 22.768
31.672 23.532
31.695 24.398
31.718 22.880
31.742 19.088
31.765 19.237
31.788 20.598
31.811 20.494
31.835 24.116
31.858 22.938
31.881 19.153
31.904 17.565
31.927 16.394
31.951 20.756
31.974 23.871
31.997 27.142
32.020 23.232
32.044 20.157
32.067 18.241
32.090 17.474
32.113 21.989
32.136 26.836
32.160 24.980
32.183 23.969
32.206 24.439
32.229 19.217
32.253 19.215
32.276 22.941
32.299 24.709
32.322 24.647
32.345 24.993
32.369 24.178
32.392 24.144
32.415 24.376
32.438 25.217
32.461 23.515
32.485 22.547
32.508 19.482
32.531 15.588
32.554 18.594
32.578 23.114
32.601 22.394
32.624 21.050
32.647 18.244
32.670 15.401
32.694 13.689
32.717 18.840
32.740 21.697
32.763 22.113
32.787 20.469
32.810 17.761
32.833 15.897
32.856 19.802
32.879 23.334
32.903 23.394
32.926 22.069
32.949 18.817
32.972 17.468
32.996 19.189
33.019 20.310
33.042 23.181
33.065 21.977
33.088 18.195
33.112 16.129
33.135 17.453
33.158 19.450
33.181 23.997
33.205 24.469
33.228 23.635
33.251 19.938
33.274 16.647
33.297 16.199
33.321 19.179
33.344 24.592
33.367 27.042
33.390 25.247
33.414 27.207
33.437 27.566
33.460 24.407
33.483 26.108
33.506 26.349
33.530 25.105
33.553 23.585
33.576 19.029
33.599 15.012
33.622 21.798
33.646 24.532
33.669 22.252
33.692 20.065
33.715 20.319
33.739 17.160
33.762 22.126
33.785 22.843
33.808 23.819
33.831 21.867
33.855 18.653
33.878 16.824
33.901 18.712
33.924 25.189
33.948 25.147
33.971 24.359
33.994 22.383
34.017 17.418
34.040 16.364
34.064 20.443
34.087 23.967
34.110 23.406
34.133 21.655
34.157 20.291
34.180 16.811
34.203 18.435
34.226 22.206
34.249 24.145
34.273 22.852
34.296 22.119
34.319 19.533
34.342 16.935
34.366 21.487
34.389 24.471
34.412 24.824
34.435 24.387
34.458 24.124
34.482 21.157
34.505 19.452
34.528 23.472
34.551 24.225
34.575 23.645
34.598 21.168
34.621 18.893
34.644 17.858
34.667 21.474
34.691 23.976
34.714 24.605
34.737 22.428
34.760 22.566
34.783 23.659
34.807 23.345
34.830 22.658
34.853 23.005
34.876 23.741
34.900 23.600
34.923 19.035
34.946 18.039
34.969 21.738
34.992 26.086
35.016 27.217
35.039 26.611
35.062 24.391
35.085 21.321
35.109 19.048
35.132 21.654
35.155 22.130
35.178 20.835
35.201 20.947
35.225 18.633
35.248 18.903
35.271 21.739
35.294 21.900
35.318 22.602
35.341 23.952
35.364 23.158
35.387 22.853
35.410 21.702
35.434 24.135
35.457 23.279
35.480 23.666
35.503 23.175
35.527 20.956
35.550 19.733
35.573 22.358
35.596 24.806
35.619 24.297
35.643 24.165
35.666 23.198
35.689 21.699
35.712 24.800
35.736 25.653
35.759 24.404
35.782 23.083
35.805 23.459
35.828 20.751
35.852 20.853
35.875 23.005
35.898 24.351
35.921 24.601
35.944 24.388
35.968 25.383
35.991 22.984
36.014 22.767
36.037 24.297
36.061 24.051
36.084 23.936
36.107 21.744
36.130 23.639
36.153 21.608
36.177 25.106
36.200 26.176
36.223 26.752
36.246 26.603
36.270 24.412
36.293 22.452
36.316 23.175
36.339 25.653
36.362 24.705
36.386 23.798
36.409 22.569
36.432 22.207
36.455 20.026
36.479 23.624
36.502 26.200
36.525 26.173
36.548 24.628
36.571 23.595
36.595 22.866
36.618 22.930
36.641 24.718
36.664 25.938
36.688 22.103
36.711 22.328
36.734 21.097
36.757 20.881
36.780 25.104
36.804 27.226
36.827 26.929
36.850 26.399
36.873 26.078
36.897 23.764
36.920 22.886
36.943 24.904
36.966 23.529
36.989 23.277
37.013 22.586
37.036 22.692
37.059 24.759
37.082 25.668
37.105 24.854
37.129 23.962
37.152 21.781
37.175 23.918
37.198 25.970
37.222 24.580
37.245 23.187
37.268 22.276
37.291 22.742
37.314 22.465
37.338 24.170
37.361 20.542
37.384 25.155
37.407 26.430
37.431 26.968
37.454 26.709
37.477 25.471
37.500 21.850
37.523 21.480
37.547 22.303
37.570 23.249
37.593 23.550
37.616 24.655
37.640 21.465
37.663 21.288
37.686 22.816
37.709 23.531
37.732 22.869
37.756 25.709
37.779 27.467
37.802 25.692
37.825 24.363
37.849 22.216
37.872 23.053
37.895 22.841
37.918 22.266
37.941 21.003
37.965 21.227
37.988 23.514
38.011 24.515
38.034 25.257
38.058 23.665
38.081 24.022
38.104 22.185
38.127 20.570
38.150 21.025
38.174 24.443
38.197 22.459
38.220 21.076
38.243 20.460
38.266 24.023
38.290 25.116
38.313 26.462
38.336 25.941
38.359 24.976
38.383 27.675
38.406 27.853
38.429 23.390
38.452 21.944
38.475 21.918
38.499 22.619
38.522 21.737
38.545 19.597
38.568 22.233
38.592 21.381
38.615 22.949
38.638 23.591
38.661 24.321
38.684 24.503
38.708 22.195
38.731 21.365
38.754 22.908
38.777 24.177
38.801 23.463
38.824 20.712
38.847 20.827
38.870 22.264
38.893 21.292
38.917 22.549
38.940 23.592
38.963 23.494
38.986 25.079
39.010 22.366
39.033 22.299
39.056 23.859
39.079 24.038
39.102 22.610
39.126 22.139
39.149 21.176
39.172 23.614
39.195 25.566
39.219 25.506
39.242 25.981
39.265 26.688
39.288 26.931
39.311 24.769
39.335 23.392
39.358 22.486
39.381 22.892
39.404 20.443
39.427 21.424
39.451 22.645
39.474 24.572
39.497 24.708
39.520 23.151
39.544 24.410
39.567 25.977
39.590 27.968
39.613 28.584
39.636 25.897
39.660 24.426
39.683 23.296
39.706 25.390
39.729 25.840
39.753 27.341
39.776 25.704
39.799 25.997
39.822 24.727
39.845 24.544
39.869 24.664
39.892 26.169
39.915 26.014
39.938 24.472
39.962 24.542
39.985 23.659
40.008 25.586
40.031 26.459
40.054 25.910
40.078 26.190
40.101 26.311
40.124 25.056
40.147 25.658
40.171 27.887
40.194 25.042
40.217 21.883
40.240 23.089
40.263 23.755
40.287 22.555
40.310 20.333
40.333 21.535
40.356 24.741
40.380 24.501
40.403 25.303
40.426 26.625
40.449 26.971
40.472 26.121
40.496 24.950
40.519 25.191
40.542 24.514
40.565 22.248
40.588 23.332
40.612 22.143
40.635 19.346
40.658 21.960
40.681 25.944
40.705 27.255
40.728 25.031
40.751 25.208
40.774 24.892
40.797 23.139
40.821 23.301
40.844 24.372
40.867 22.397
40.890 23.417
40.914 23.876
40.937 25.236
40.960 24.010
40.983 26.479
41.006 26.695
41.030 26.574
41.053 27.194
41.076 27.300
41.099 25.799
41.123 24.436
41.146 23.549
41.169 23.390
41.192 22.857
41.215 20.576
41.239 20.970
41.262 22.910
41.285 27.410
41.308 27.243
41.332 27.810
41.355 25.250
41.378 24.492
41.401 24.760
41.424 22.762
41.448 24.990
41.471 24.391
41.494 23.198
41.517 22.537
41.540 23.198
41.564 24.805
41.587 28.009
41.610 26.301
41.633 28.232
41.657 29.029
41.680 26.606
41.703 27.210
41.726 26.854
41.749 23.543
41.773 21.986
41.796 22.565
41.819 24.956
41.842 27.354
41.866 26.778
41.889 26.592
41.912 25.563
41.935 25.698
41.958 26.226
41.982 25.153
42.005 23.215
42.028 23.215
42.051 22.894
42.075 22.665
42.098 23.145
42.121 21.285
42.144 21.670
42.167 21.597
42.191 23.705
42.214 25.570
42.237 27.286
42.260 27.844
42.284 27.515
42.307 23.700
42.330 21.875
42.353 23.001
42.376 23.243
42.400 24.334
42.423 23.172
42.446 22.159
42.469 27.669
42.493 26.555
42.516 26.586
42.539 27.023
42.562 24.949
42.585 22.976
42.609 22.123
42.632 20.420
42.655 22.031
42.678 24.289
42.701 23.428
42.725 21.826
42.748 20.199
42.771 22.928
42.794 26.599
42.818 27.348
42.841 26.038
42.864 27.407
42.887 26.652
42.910 23.001
42.934 22.378
42.957 22.274
42.980 26.458
43.003 28.924
43.027 27.856
43.050 26.467
43.073 29.954
43.096 28.199
43.119 26.277
43.143 27.754
43.166 27.498
43.189 25.430
43.212 23.274
43.236 22.723
43.259 23.201
43.282 22.260
43.305 22.542
43.328 22.110
43.352 22.270
43.375 23.320
43.398 24.218
43.421 24.002
43.445 23.726
43.468 23.518
43.491 22.223
43.514 24.636
43.537 25.577
43.561 23.785
43.584 24.430
43.607 22.232
43.630 22.964
43.654 25.829
43.677 26.739
43.700 26.069
43.723 25.279
43.746 28.018
43.770 28.549
43.793 29.947
43.816 23.529
43.839 22.048
43.862 24.133
43.886 25.153
43.909 23.637
43.932 24.103
43.955 26.195
43.979 26.918
44.002 26.259
44.025 25.004
44.048 25.778
44.071 26.441
44.095 26.000
44.118 25.088
44.141 25.256
44.164 22.554
44.188 23.675
44.211 23.986
44.234 27.532
44.257 23.965
44.280 26.499
44.304 26.994
44.327 24.355
44.350 25.734
44.373 26.964
44.397 25.573
44.420 26.066
44.443 24.270
44.466 23.852
44.489 25.116
44.513 26.754
44.536 25.782
44.559 27.549
44.582 26.704
44.606 27.661
44.629 30.400
44.652 26.682
44.675 27.896
44.698 25.782
44.722 25.613
44.745 24.645
44.768 23.831
44.791 24.471
44.815 25.722
44.838 27.268
44.861 25.797
44.884 27.743
44.907 27.743
44.931 27.923
44.954 26.785
44.977 27.267
45.000 25.478
45.023 23.709
45.047 23.296
45.070 24.688
45.093 24.749
45.116 22.590
45.140 23.864
45.163 25.910
45.186 26.774
45.209 28.186
45.232 28.912
45.256 27.254
45.279 25.795
45.302 27.301
45.325 27.844
45.349 26.247
45.372 23.659
45.395 25.279
45.418 25.798
45.441 27.182
45.465 29.208
45.488 28.839
45.511 27.732
45.534 25.774
45.558 27.112
45.581 27.247
45.604 27.261
45.627 25.240
45.650 25.670
45.674 24.547
45.697 25.708
45.720 27.837
45.743 27.174
45.767 28.284
45.790 25.570
45.813 27.725
45.836 30.033
45.859 28.467
45.883 27.666
45.906 29.899
45.929 26.916
45.952 24.047
45.976 24.396
45.999 26.799
46.022 25.141
46.045 26.619
46.068 25.400
46.092 26.339
46.115 28.740
46.138 30.279
46.161 30.484
46.184 30.419
46.208 29.281
46.231 28.480
46.254 27.826
46.277 28.010
46.301 28.740
46.324 26.401
46.347 25.264
46.370 26.904
46.393 28.050
46.417 28.732
46.440 27.917
46.463 27.142
46.486 27.571
46.510 24.887
46.533 25.191
46.556 23.615
46.579 25.265
46.602 22.959
46.626 23.565
46.649 25.582
46.672 28.359
46.695 28.226
46.719 27.060
46.742 27.306
46.765 26.875
46.788 28.232
46.811 28.642
46.835 24.597
46.858 24.745
46.881 24.292
46.904 26.433
46.928 27.044
46.951 27.640
46.974 26.151
46.997 26.804
47.020 26.779
47.044 25.811
47.067 25.955
47.090 26.821
47.113 24.227
47.137 25.119
47.160 23.412
47.183 23.685
47.206 27.661
47.229 28.416
47.253 27.739
47.276 24.848
47.299 25.694
47.322 26.242
47.345 26.737
47.369 26.155
47.392 25.452
47.415 23.957
47.438 25.516
47.462 25.059
47.485 24.221
47.508 27.489
47.531 27.504
47.554 27.994
47.578 25.870
47.601 24.662
47.624 24.986
47.647 24.593
47.671 26.989
47.694 26.436
47.717 23.186
47.740 24.316
47.763 24.924
47.787 25.055
47.810 26.091
47.833 25.787
47.856 29.062
47.880 26.330
47.903 23.263
47.926 24.304
47.949 26.376
47.972 27.297
47.996 29.172
48.019 26.363
48.042 25.396
48.065 22.945
48.089 19.216
48.112 23.228
48.135 21.146
48.158 21.809
48.181 19.821
48.205 19.183
48.228 19.902
48.251 19.031
48.274 19.167
48.298 22.351
48.321 24.151
48.344 21.358
48.367 22.454
48.390 19.426
48.414 19.406
48.437 21.556
48.460 20.210
48.483 25.214
48.506 24.405
48.530 19.097
48.553 22.368
48.576 21.177
48.599 21.098
48.623 23.810
48.646 24.277
48.669 23.824
48.692 24.110
48.715 23.796
48.739 22.539
48.762 27.621
48.785 30.282
48.808 28.049
48.832 28.542
48.855 27.956
48.878 27.997
48.901 23.656
48.924 25.215
48.948 24.448
48.971 23.300
48.994 23.800
49.017 25.096
49.041 27.261
49.064 28.496
49.087 26.645
49.110 27.785
49.133 28.850
49.157 27.769
49.180 27.613
49.203 26.368
49.226 30.296
49.250 30.100
49.273 28.057
49.296 29.707
49.319 29.921
49.342 30.192
49.366 31.215
49.389 33.470
49.412 30.220
49.435 29.101
49.459 30.734
49.482 28.016
49.505 25.338
49.528 25.870
49.551 25.051
49.575 24.722
49.598 24.032
49.621 26.360
49.644 27.986
49.667 27.978
49.691 29.982
49.714 31.598
49.737 29.668
49.760 30.668
49.784 29.377
49.807 27.532
49.830 33.088
49.853 35.648
49.876 33.945
49.900 31.233
49.923 30.026
49.946 23.653
49.969 23.845
49.993 27.166
50.016 26.926
50.039 24.871
50.062 24.232
50.085 24.539
50.109 25.412
50.132 28.551
50.155 26.496
50.178 28.141
50.202 31.007
50.225 27.480
50.248 25.269
50.271 25.634
50.294 30.559
50.318 30.674
50.341 28.591
50.364 28.711
50.387 26.455
50.411 26.552
50.434 27.016
50.457 28.536
50.480 28.387
50.503 28.633
50.527 29.544
50.550 26.816
50.573 28.092
50.596 29.201
50.620 28.818
50.643 28.794
50.666 28.228
50.689 27.425
50.712 27.934
50.736 30.283
50.759 31.144
50.782 30.457
50.805 32.349
50.828 29.228
50.852 28.050
50.875 30.161
50.898 29.668
50.921 28.643
50.945 30.630
50.968 29.264
50.991 26.117
51.014 28.284
51.037 27.890
51.061 30.795
51.084 28.050
51.107 26.504
51.130 24.728
51.154 26.048
51.177 29.485
51.200 30.175
51.223 32.851
51.246 32.242
51.270 31.919
51.293 29.602
51.316 29.012
51.339 33.085
51.363 33.458
51.386 32.862
51.409 30.278
51.432 29.685
51.455 26.825
51.479 30.724
51.502 30.114
51.525 31.287
51.548 31.865
51.572 32.428
51.595 29.985
51.618 28.082
51.641 29.771
51.664 30.067
51.688 31.096
51.711 30.571
51.734 31.047
51.757 32.397
51.780 33.552
51.804 29.874
51.827 29.777
51.850 29.393
51.873 26.597
51.897 24.118
51.920 23.189
51.943 26.918
51.966 30.068
51.989 28.326
52.013 26.505
52.036 25.806
52.059 30.572
52.082 31.488
52.106 29.858
52.129 30.204
52.152 31.312
52.175 30.186
52.198 29.711
52.222 30.421
52.245 30.310
52.268 30.726
52.291 29.903
52.315 28.170
52.338 29.625
52.361 28.386
52.384 30.120
52.407 28.511
52.431 29.651
52.454 27.140
52.477 28.443
52.500 28.761
52.524 32.185
52.547 33.227
52.570 30.343
52.593 31.820
52.616 31.580
52.640 30.728
52.663 30.688
52.686 33.541
52.709 30.113
52.733 30.616
52.756 30.711
52.779 32.777
52.802 27.448
52.825 27.341
52.849 28.904
52.872 28.743
52.895 31.355
52.918 34.608
52.941 31.419
52.965 28.703
52.988 30.587
53.011 31.740
53.034 32.800
53.058 33.264
53.081 27.376
53.104 26.221
53.127 29.075
53.150 28.048
53.174 28.720
53.197 26.799
53.220 26.264
53.243 26.587
53.267 30.695
53.290 29.996
53.313 29.570
53.336 29.332
53.359 30.355
53.383 32.586
53.406 28.982
53.429 29.983
53.452 30.064
53.476 29.328
53.499 28.784
53.522 28.014
53.545 25.505
53.568 26.233
53.592 27.924
53.615 30.394
53.638 31.928
53.661 30.782
53.685 27.411
53.708 29.386
53.731 27.949
53.754 27.004
53.777 27.485
53.801 28.526
53.824 28.671
53.847 27.990
53.870 28.837
53.894 28.719
53.917 28.982
53.940 28.914
53.963 29.995
53.986 28.811
54.010 28.619
54.033 28.689
54.056 30.002
54.079 30.050
54.102 27.591
54.126 27.722
54.149 29.358
54.172 28.056
54.195 30.719
54.219 32.401
54.242 31.084
54.265 30.423
54.288 24.974
54.311 25.907
54.335 28.196
54.358 26.284
54.381 25.827
54.404 26.715
54.428 26.457
54.451 27.102
54.474 30.698
54.497 33.637
54.520 31.147
54.544 28.346
54.567 31.766
54.590 30.715
54.613 30.664
54.637 32.381
54.660 29.679
54.683 31.860
54.706 28.238
54.729 25.609
54.753 24.076
54.776 24.271
54.799 25.832
54.822 26.880
54.846 27.065
54.869 26.672
54.892 25.085
54.915 25.424
54.938 28.855
54.962 30.113
54.985 33.060
55.008 32.900
55.031 29.600
55.055 25.014
55.078 24.011
55.101 26.924
55.124 27.476
55.147 27.293
55.171 26.061
55.194 24.687
55.217 30.934
55.240 32.909
55.263 32.860
55.287 30.837
55.310 29.647
55.333 28.960
55.356 28.755
55.380 32.664
55.403 31.838
55.426 30.120
55.449 31.190
55.472 30.528
55.496 25.180
55.519 27.296
55.542 29.401
55.565 29.182
55.589 31.937
55.612 30.370
55.635 31.215
55.658 29.191
55.681 28.829
55.705 29.275
55.728 31.343
55.751 33.583
55.774 32.267
55.798 25.352
55.821 26.160
55.844 27.784
55.867 24.404
55.890 27.774
55.914 28.265
55.937 27.227
55.960 29.321
55.983 32.039
56.007 29.269
56.030 28.715
56.053 28.734
56.076 32.827
56.099 27.331
56.123 31.566
56.146 33.223
56.169 35.275
56.192 35.787
56.216 31.344
56.239 27.005
56.262 27.460
56.285 31.370
56.308 32.526
56.332 32.446
56.355 31.796
56.378 30.191
56.401 27.370
56.424 30.073
56.448 31.850
56.471 29.334
56.494 28.456
56.517 31.163
56.541 29.067
56.564 27.830
56.587 30.644
56.610 30.549
56.633 29.563
56.657 29.611
56.680 26.713
56.703 24.830
56.726 25.220
56.750 24.752
56.773 26.109
56.796 31.596
56.819 30.925
56.842 26.358
56.866 28.551
56.889 31.832
56.912 30.309
56.935 30.942
56.959 33.305
56.982 33.114
57.005 29.840
57.028 30.409
57.051 29.669
57.075 30.237
57.098 29.029
57.121 28.756
57.144 27.334
57.168 27.087
57.191 28.120
57.214 29.469
57.237 27.904
57.260 29.979
57.284 30.153
57.307 29.122
57.330 29.633
57.353 29.117
57.377 29.738
57.400 31.159
57.423 29.933
57.446 26.446
57.469 27.325
57.493 31.338
57.516 34.222
57.539 29.573
57.562 29.547
57.585 28.066
57.609 27.938
57.632 28.868
57.655 28.272
57.678 27.504
57.702 30.899
57.725 30.241
57.748 30.803
57.771 30.135
57.794 28.375
57.818 28.882
57.841 29.755
57.864 29.844
57.887 27.159
57.911 24.904
57.934 29.308
57.957 29.163
57.980 32.498
58.003 32.472
58.027 30.207
58.050 28.767
58.073 28.654
58.096 28.907
58.120 28.846
58.143 30.840
58.166 29.942
58.189 28.550
58.212 29.456
58.236 29.206
58.259 31.814
58.282 33.956
58.305 33.307
58.329 29.765
58.352 27.794
58.375 32.374
58.398 30.558
58.421 31.038
58.445 30.063
58.468 31.160
58.491 25.394
58.514 27.949
58.538 28.378
58.561 31.882
58.584 34.690
58.607 30.772
58.630 29.675
58.654 26.203
58.677 28.786
58.700 34.512
58.723 33.374
58.746 30.853
58.770 31.332
58.793 28.709
58.816 27.322
58.839 28.189
58.863 28.084
58.886 28.280
58.909 28.323
58.932 29.548
58.955 31.942
58.979 30.460
59.002 28.731
59.025 27.667
59.048 31.248
59.072 28.651
59.095 25.941
59.118 24.705
59.141 26.003
59.164 27.007
59.188 26.550
59.211 28.596
59.234 26.559
59.257 26.678
59.281 27.878
59.304 30.211
59.327 31.792
59.350 32.295
59.373 30.414
59.397 26.531
59.420 28.844
59.443 28.450
59.466 28.516
59.490 28.787
59.513 27.943
59.536 26.857
59.559 23.497
59.582 24.366
59.606 24.783
59.629 24.992
59.652 24.905
59.675 26.008
59.699 25.591
59.722 29.010
59.745 28.921
59.768 26.977
59.791 32.095
59.815 32.862
59.838 26.713
59.861 24.766
59.884 24.848
59.907 26.514
59.931 25.939
59.954 26.667
59.977 28.924
60.000 25.586
60.024 29.703
60.047 30.634
60.070 28.589
60.093 27.264
60.116 28.302
60.140 28.314
60.163 28.837
60.186 28.343
60.209 28.500
60.233 29.301
60.256 29.634
60.279 28.342
60.302 29.678
60.325 32.523
60.349 33.310
60.372 30.968
60.395 29.277
60.418 28.856
60.442 32.782
60.465 33.792
60.488 31.279
60.511 32.740
60.534 29.614
60.558 30.598
60.581 30.182
60.604 25.113
60.627 24.829
60.651 26.606
60.674 27.176
60.697 27.724
60.720 24.788
60.743 25.350
60.767 32.631
60.790 32.639
60.813 31.605
60.836 30.303
60.860 29.821
60.883 31.790
60.906 26.043
60.929 32.025
60.952 31.742
60.976 29.742
60.999 31.995
61.022 29.839
61.045 25.264
61.068 29.209
61.092 30.531
61.115 29.639
61.138 33.524
61.161 32.539
61.185 29.767
61.208 25.254
61.231 28.555
61.254 28.957
61.277 29.211
61.301 31.327
61.324 35.916
61.347 34.801
61.370 29.524
61.394 29.751
61.417 28.123
61.440 31.028
61.463 32.581
61.486 25.235
61.510 24.680
61.533 29.115
61.556 26.791
61.579 30.340
61.603 29.924
61.626 28.717
61.649 27.025
61.672 30.314
61.695 30.428
61.719 30.205
61.742 30.642
61.765 31.732
61.788 29.976
61.812 27.745
61.835 28.087
61.858 29.820
61.881 30.354
61.904 31.014
61.928 33.947
61.951 34.862
61.974 35.228
61.997 32.887
62.020 29.479
62.044 29.368
62.067 30.806
62.090 27.994
62.113 28.832
62.137 28.328
62.160 30.517
62.183 30.212
62.206 30.333
62.229 27.429
62.253 27.412
62.276 31.001
62.299 28.157
62.322 29.794
62.346 28.838
62.369 29.164
62.392 27.848
62.415 30.987
62.438 31.239
62.462 30.856
62.485 31.105
62.508 29.743
62.531 30.055
62.555 31.755
62.578 35.082
62.601 35.619
62.624 34.633
62.647 33.653
62.671 28.571
62.694 26.979
62.717 28.401
62.740 27.766
62.764 29.850
62.787 29.437
62.810 25.923
62.833 25.837
62.856 25.719
62.880 29.587
62.903 29.165
62.926 27.889
62.949 31.326
62.973 29.440
62.996 30.903
63.019 28.516
63.042 28.968
63.065 28.728
63.089 29.796
63.112 29.291
63.135 29.713
63.158 26.468
63.181 28.081
63.205 28.127
63.228 27.936
63.251 27.581
63.274 29.966
63.298 26.979
63.321 30.262
63.344 28.906
63.367 28.708
63.390 30.715
63.414 30.360
63.437 28.935
63.460 27.068
63.483 29.506
63.507 30.163
63.530 29.674
63.553 28.425
63.576 26.028
63.599 26.237
63.623 30.671
63.646 33.228
63.669 31.114
63.692 31.585
63.716 31.354
63.739 33.948
63.762 32.510
63.785 27.366
63.808 28.010
63.832 28.087
63.855 27.091
63.878 27.934
63.901 26.497
63.925 28.014
63.948 28.016
63.971 26.699
63.994 26.908
64.017 24.993
64.041 24.736
64.064 25.635
64.087 27.054
64.110 28.928
64.134 33.797
64.157 34.186
64.180 31.814
64.203 28.305
64.226 31.265
64.250 29.940
64.273 30.450
64.296 32.192
64.319 27.798
64.342 28.421
64.366 25.105
64.389 26.600
64.412 26.436
64.435 26.200
64.459 26.299
64.482 25.961
64.505 27.015
64.528 28.150
64.551 32.270
64.575 35.328
64.598 36.280
64.621 33.717
64.644 27.973
64.668 26.887
64.691 27.568
64.714 28.849
64.737 28.496
64.760 27.115
64.784 27.074
64.807 25.530
64.830 29.006
64.853 34.148
64.877 34.830
64.900 32.599
64.923 29.989
64.946 26.509
64.969 30.843
64.993 32.834
65.016 33.514
65.039 32.011
65.062 33.563
65.086 32.660
65.109 29.059
65.132 28.835
65.155 31.374
65.178 32.759
65.202 33.515
65.225 32.251
65.248 27.398
65.271 31.474
65.295 31.518
65.318 28.933
65.341 31.293
65.364 29.643
65.387 23.925
65.411 24.863
65.434 27.309
65.457 29.072
65.480 27.355
65.503 28.631
65.527 28.755
65.550 26.361
65.573 28.620
65.596 27.755
65.620 29.301
65.643 29.957
65.666 28.225
65.689 26.477
65.712 29.513
65.736 33.986
65.759 34.513
65.782 31.366
65.805 30.151
65.829 29.069
65.852 25.842
65.875 28.497
65.898 29.226
65.921 30.606
65.945 33.034
65.968 30.511
65.991 26.919
66.014 27.836
66.038 28.724
66.061 28.677
66.084 30.956
66.107 30.509
66.130 30.039
66.154 29.383
66.177 29.750
66.200 33.185
66.223 30.441
66.247 31.476
66.270 31.613
66.293 25.731
66.316 24.629
66.339 25.425
66.363 28.912
66.386 29.951
66.409 28.417
66.432 26.957
66.456 26.337
66.479 30.429
66.502 30.976
66.525 29.781
66.548 29.401
66.572 31.897
66.595 31.799
66.618 29.812
66.641 30.464
66.664 32.408
66.688 29.547
66.711 31.234
66.734 29.695
66.757 26.599
66.781 27.935
66.804 29.916
66.827 31.343
66.850 33.848
66.873 32.600
66.897 28.993
66.920 29.966
66.943 31.491
66.966 31.140
66.990 31.126
67.013 30.455
67.036 27.226
67.059 26.706
67.082 29.128
67.106 29.766
67.129 31.849
67.152 30.420
67.175 28.067
67.199 25.350
67.222 29.069
67.245 29.461
67.268 30.292
67.291 29.489
67.315 31.105
67.338 29.382
67.361 30.925
67.384 28.876
67.408 29.683
67.431 30.639
67.454 30.971
67.477 28.393
67.500 25.388
67.524 27.704
67.547 31.581
67.570 31.886
67.593 28.958
67.617 28.385
67.640 31.244
67.663 30.668
67.686 29.008
67.709 30.091
67.733 30.664
67.756 30.745
67.779 29.134
67.802 28.354
67.825 27.719
67.849 28.062
67.872 29.142
67.895 29.752
67.918 30.141
67.942 26.792
67.965 25.243
67.988 28.869
68.011 29.633
68.034 28.795
68.058 30.271
68.081 28.678
68.104 26.956
68.127 28.444
68.151 29.710
68.174 29.791
68.197 29.871
68.220 30.350
68.243 26.232
68.267 27.803
68.290 30.497
68.313 30.584
68.336 31.536
68.360 32.534
68.383 34.105
68.406 29.885
68.429 31.776
68.452 29.305
68.476 30.712
68.499 27.980
68.522 27.619
68.545 27.999
68.569 27.053
68.592 29.936
68.615 30.277
68.638 30.435
68.661 28.369
68.685 29.184
68.708 27.044
68.731 27.398
68.754 28.245
68.778 28.283
68.801 28.234
68.824 28.327
68.847 26.753
68.870 27.283
68.894 30.132
68.917 31.184
68.940 32.810
68.963 32.763
68.986 28.288
69.010 27.441
69.033 27.843
69.056 28.560
69.079 28.859
69.103 28.581
69.126 27.059
69.149 27.150
69.172 24.593
69.195 22.815
69.219 24.545
69.242 25.719
69.265 28.038
69.288 28.396
69.312 26.111
69.335 27.740
69.358 31.277
69.381 30.045
69.404 30.533
69.428 29.628
69.451 27.513
69.474 26.564
69.497 28.086
69.521 26.608
69.544 27.613
69.567 29.194
69.590 27.428
69.613 29.276
69.637 29.774
69.660 31.200
69.683 32.633
69.706 29.286
69.730 27.812
69.753 24.689
69.776 28.010
69.799 27.270
69.822 27.829
69.846 28.921
69.869 28.594
69.892 26.248
69.915 26.625
69.939 29.291
69.962 29.450
69.985 27.156
70.008 26.793
70.031 26.176
70.055 22.158
70.078 26.468
70.101 27.638
70.124 28.283
70.147 26.416
70.171 25.970
70.194 25.481
70.217 26.226
70.240 27.934
70.264 32.400
70.287 31.085
70.310 28.216
70.333 27.591
70.356 24.880
70.380 26.290
70.403 25.635
70.426 28.175
70.449 28.015
70.473 29.119
70.496 25.150
70.519 25.965
70.542 28.738
70.565 28.054
70.589 29.448
70.612 28.388
70.635 26.658
70.658 27.888
70.682 29.459
70.705 29.638
70.728 30.981
70.751 29.447
70.774 27.124
70.798 25.942
70.821 27.194
70.844 31.487
70.867 32.456
70.891 28.802
70.914 30.125
70.937 29.790
70.960 28.924
70.983 28.416
71.007 28.746
71.030 28.645
71.053 28.876
71.076 26.929
71.100 25.959
71.123 24.617
71.146 25.871
71.169 24.686
71.192 24.666
71.216 25.219
71.239 24.032
71.262 25.688
71.285 28.351
71.308 31.469
71.332 29.479
71.355 28.021
71.378 29.877
71.401 29.042
71.425 28.121
71.448 28.631
71.471 29.040
71.494 27.640
71.517 28.270
71.541 25.219
71.564 26.616
71.587 30.821
71.610 31.079
71.634 30.145
71.657 28.445
71.680 28.161
71.703 27.822
71.726 28.408
71.750 30.360
71.773 30.003
71.796 30.806
71.819 28.098
71.843 28.017
71.866 29.214
71.889 29.077
71.912 28.339
71.935 31.195
71.959 30.081
71.982 30.209
72.005 29.191
72.028 27.717
72.052 27.076
72.075 28.082
72.098 27.419
72.121 28.610
72.144 29.391
72.168 27.766
72.191 27.255
72.214 28.643
72.237 29.189
72.260 27.732
72.284 26.918
72.307 24.959
72.330 27.256
72.353 28.245
72.377 28.118
72.400 25.554
72.423 24.516
72.446 26.632
72.469 29.810
72.493 27.985
72.516 29.430
72.539 29.596
72.562 31.077
72.586 31.268
72.609 30.050
72.632 28.691
72.655 28.828
72.678 29.653
72.702 31.340
72.725 28.912
72.748 23.509
72.771 21.190
72.795 23.159
72.818 22.448
72.841 24.014
72.864 25.494
72.887 26.674
72.911 25.717
72.934 27.878
72.957 27.904
72.980 30.594
73.004 30.080
73.027 29.421
73.050 26.293
73.073 28.496
73.096 29.170
73.120 29.389
73.143 28.891
73.166 29.565
73.189 28.546
73.213 28.350
73.236 29.664
73.259 31.156
73.282 32.171
73.305 30.440
73.329 34.857
73.352 31.344
73.375 30.681
73.398 28.450
73.421 30.599
73.445 27.236
73.468 27.955
73.491 24.706
73.514 27.633
73.538 30.234
73.561 27.237
73.584 29.246
73.607 31.236
73.630 32.558
73.654 31.106
73.677 29.486
73.700 30.735
73.723 33.873
73.747 30.363
73.770 28.242
73.793 28.883
73.816 31.570
73.839 30.207
73.863 28.739
73.886 30.954
73.909 25.862
73.932 25.066
73.956 28.730
73.979 31.744
74.002 28.943
74.025 29.068
74.048 30.064
74.072 30.193
74.095 30.441
74.118 26.875
74.141 29.131
74.165 30.259
74.188 29.003
74.211 30.883
74.234 29.412
74.257 28.970
74.281 29.564
74.304 31.787
74.327 29.649
74.350 27.209
74.374 30.300
74.397 28.888
74.420 27.406
74.443 29.061
74.466 28.195
74.490 29.339
74.513 28.914
74.536 30.390
74.559 32.332
74.582 32.760
74.606 29.368
74.629 27.878
74.652 24.426
74.675 24.685
74.699 27.942
74.722 30.358
74.745 29.153
74.768 29.029
74.791 30.534
74.815 29.726
74.838 29.084
74.861 29.534
74.884 30.774
74.908 32.636
74.931 29.014
74.954 30.219
74.977 29.817
75.000 27.679
75.024 30.261
75.047 29.375
75.070 30.188
75.093 30.694
75.117 31.668
75.140 29.763
75.163 30.307
75.186 31.461
75.209 27.772
75.233 26.793
75.256 25.600
75.279 29.623
75.302 28.298
75.326 27.279
75.349 27.133
75.372 27.121
75.395 30.213
75.418 32.559
75.442 28.400
75.465 28.141
75.488 29.438
75.511 26.641
75.535 28.437
75.558 29.109
75.581 26.120
75.604 26.039
75.627 27.216
75.651 29.320
75.674 30.295
75.697 29.783
75.720 27.044
75.743 27.388
75.767 31.624
75.790 30.602
75.813 29.968
75.836 26.055
75.860 24.990
75.883 24.850
75.906 26.588
75.929 27.548
75.952 26.819
75.976 27.281
75.999 27.943
76.022 27.823
76.045 28.429
76.069 26.282
76.092 29.491
76.115 28.710
76.138 26.665
76.161 25.997
76.185 23.858
76.208 24.856
76.231 30.855
76.254 30.546
76.278 30.149
76.301 31.147
76.324 29.384
76.347 29.291
76.370 27.225
76.394 26.854
76.417 30.788
76.440 31.850
76.463 29.814
76.487 28.908
76.510 34.034
76.533 33.476
76.556 29.915
76.579 31.845
76.603 30.187
76.626 28.879
76.649 29.568
76.672 30.569
76.696 29.115
76.719 27.695
76.742 25.660
76.765 25.980
76.788 29.714
76.812 30.493
76.835 30.030
76.858 31.153
76.881 32.973
76.904 32.139
76.928 27.977
76.951 27.488
76.974 28.857
76.997 26.744
77.021 23.170
77.044 26.566
77.067 25.900
77.090 28.246
77.113 34.124
77.137 35.788
77.160 31.873
77.183 28.642
77.206 25.955
77.230 25.853
77.253 27.732
77.276 27.673
77.299 24.677
77.322 25.546
77.346 28.859
77.369 28.920
77.392 27.284
77.415 29.073
77.439 30.378
77.462 29.439
77.485 28.051
77.508 25.608
77.531 24.848
77.555 24.053
77.578 25.930
77.601 28.018
77.624 27.539
77.648 26.436
77.671 25.445
77.694 28.416
77.717 30.237
77.740 32.440
77.764 31.087
77.787 27.047
77.810 26.514
77.833 23.921
77.857 24.032
77.880 24.836
77.903 25.483
77.926 27.523
77.949 29.368
77.973 25.111
77.996 23.903
78.019 31.254
78.042 34.738
78.065 35.470
78.089 34.050
78.112 31.127
78.135 30.252
78.158 32.943
78.182 32.360
78.205 32.027
78.228 30.612
78.251 27.470
78.274 28.505
78.298 28.465
78.321 28.856
78.344 30.493
78.367 28.908
78.391 26.606
78.414 26.017
78.437 25.869
78.460 28.497
78.483 30.577
78.507 32.331
78.530 33.332
78.553 33.036
78.576 29.387
78.600 27.977
78.623 32.396
78.646 30.944
78.669 29.135
78.692 24.929
78.716 25.298
78.739 25.881
78.762 29.069
78.785 29.847
78.809 30.543
78.832 30.460
78.855 28.935
78.878 25.146
78.901 25.980
78.925 30.423
78.948 32.174
78.971 30.442
78.994 28.047
79.018 25.262
79.041 28.755
79.064 31.901
79.087 30.830
79.110 31.277
79.134 29.195
79.157 25.533
79.180 25.667
79.203 28.592
79.226 31.220
79.250 30.668
79.273 28.649
79.296 26.907
79.319 26.345
79.343 27.215
79.366 29.884
79.389 32.817
79.412 31.432
79.435 29.044
79.459 27.164
79.482 27.005
79.505 30.393
79.528 32.333
79.552 31.378
79.575 31.443
79.598 27.810
79.621 27.465
79.644 28.366
79.668 30.416
79.691 32.109
79.714 32.338
79.737 29.154
79.761 27.618
79.784 27.744
79.807 27.954
79.830 31.148
79.853 29.055
79.877 28.470
79.900 30.558
79.923 28.764
79.946 28.619
79.970 29.326
79.993 32.380
80.016 32.662
80.039 27.747
80.062 28.643
80.086 28.051
80.109 28.358
80.132 30.461
80.155 29.722
80.179 29.866
80.202 28.966
80.225 27.225
80.248 28.924
80.271 28.766
80.295 28.611
80.318 29.329
80.341 30.114
80.364 29.663
80.387 27.310
80.411 29.784
80.434 31.887
80.457 33.719
80.480 34.396
80.504 32.813
80.527 31.295
80.550 31.204
80.573 35.977
80.596 33.292
80.620 33.138
80.643 30.148
80.666 32.040
80.689 31.107
80.713 29.282
80.736 29.219
80.759 29.779
80.782 32.001
80.805 32.851
80.829 31.046
80.852 28.124
80.875 30.108
80.898 32.494
80.922 31.227
80.945 30.280
80.968 29.150
80.991 28.209
81.014 30.086
81.038 31.603
81.061 29.583
81.084 30.973
81.107 29.527
81.131 28.094
81.154 27.664
81.177 31.967
81.200 32.863
81.223 31.818
81.247 30.556
81.270 31.699
81.293 30.532
81.316 29.976
81.340 30.929
81.363 30.215
81.386 31.131
81.409 29.820
81.432 28.625
81.456 31.149
81.479 30.452
81.502 30.716
81.525 33.390
81.548 29.882
81.572 27.920
81.595 27.577
81.618 26.967
81.641 28.163
81.665 28.619
81.688 30.990
81.711 29.225
81.734 27.576
81.757 28.876
81.781 29.128
81.804 29.584
81.827 30.695
81.850 29.185
81.874 26.233
81.897 27.167
81.920 27.723
81.943 30.056
81.966 30.820
81.990 29.892
82.013 29.010
82.036 27.277
82.059 27.258
82.083 28.920
82.106 30.785
82.129 30.412
82.152 28.715
82.175 28.154
82.199 28.076
82.222 28.192
82.245 30.535
82.268 27.569
82.292 27.957
82.315 30.268
82.338 28.365
82.361 28.547
82.384 30.895
82.408 29.438
82.431 30.717
82.454 27.602
82.477 28.762
82.500 29.005
82.524 28.702
82.547 30.492
82.570 27.849
82.593 27.039
82.617 27.502
82.640 25.932
82.663 26.687
82.686 29.566
82.709 31.207
82.733 28.788
82.756 28.997
82.779 28.234
82.802 28.321
82.826 30.139
82.849 35.838
82.872 37.204
82.895 34.904
82.918 32.013
82.942 31.642
82.965 31.672
82.988 29.759
83.011 29.865
83.035 32.393
83.058 31.612
83.081 31.151
83.104 30.964
83.127 32.131
83.151 30.560
83.174 30.442
83.197 32.335
83.220 33.806
83.244 31.221
83.267 29.014
83.290 30.075
83.313 29.533
83.336 30.590
83.360 30.802
83.383 32.624
83.406 32.716
83.429 32.751
83.453 33.115
83.476 33.537
83.499 33.744
83.522 31.289
83.545 30.091
83.569 29.712
83.592 32.155
83.615 30.086
83.638 32.574
83.661 32.780
83.685 31.442
83.708 32.975
83.731 35.346
83.754 34.260
83.778 29.284
83.801 31.299
83.824 30.916
83.847 32.872
83.870 33.437
83.894 33.952
83.917 31.926
83.940 31.872
83.963 31.690
83.987 29.760
84.010 29.852
84.033 33.999
84.056 34.671
84.079 34.987
84.103 30.694
84.126 32.252
84.149 34.600
84.172 32.409
84.196 28.717
84.219 30.418
84.242 30.688
84.265 31.064
84.288 27.823
84.312 29.188
84.335 30.598
84.358 30.413
84.381 31.127
84.405 30.264
84.428 30.014
84.451 30.154
84.474 30.525
84.497 32.268
84.521 29.797
84.544 30.094
84.567 31.214
84.590 33.260
84.614 32.289
84.637 32.391
84.660 34.810
84.683 35.449
84.706 32.624
84.730 32.730
84.753 31.402
84.776 31.159
84.799 31.695
84.822 33.307
84.846 30.202
84.869 31.288
84.892 30.315
84.915 29.570
84.939 32.445
84.962 31.597
84.985 29.579
85.008 30.134
85.031 28.385
85.055 27.935
85.078 30.803
85.101 32.916
85.124 30.170
85.148 30.917
85.171 30.867
85.194 30.631
85.217 31.657
85.240 33.195
85.264 34.457
85.287 34.378
85.310 32.210
85.333 29.092
85.357 30.466
85.380 30.665
85.403 30.666
85.426 31.727
85.449 30.716
85.473 30.525
85.496 29.270
85.519 31.566
85.542 32.455
85.566 34.098
85.589 33.955
85.612 32.041
85.635 30.654
85.658 32.292
85.682 30.248
85.705 27.950
85.728 30.027
85.751 31.070
85.775 30.363
85.798 29.921
85.821 30.267
85.844 35.760
85.867 36.946
85.891 34.944
85.914 31.086
85.937 30.805
85.960 31.335
85.983 30.436
86.007 27.718
86.030 28.616
86.053 31.103
86.076 28.707
86.100 29.657
86.123 31.589
86.146 35.313
86.169 35.583
86.192 34.179
86.216 31.840
86.239 31.265
86.262 30.739
86.285 27.155
86.309 26.607
86.332 26.968
86.355 25.566
86.378 26.307
86.401 27.571
86.425 26.674
86.448 27.830
86.471 34.233
86.494 36.469
86.518 37.272
86.541 37.015
86.564 36.404
86.587 34.510
86.610 33.363
86.634 31.838
86.657 31.749
86.680 32.614
86.703 35.066
86.727 31.798
86.750 30.942
86.773 29.061
86.796 27.480
86.819 29.582
86.843 29.598
86.866 28.587
86.889 29.742
86.912 31.362
86.936 29.401
86.959 28.427
86.982 27.105
87.005 29.733
87.028 31.290
87.052 32.912
87.075 26.094
87.098 26.481
87.121 28.417
87.144 25.588
87.168 24.627
87.191 24.751
87.214 23.869
87.237 27.010
87.261 28.727
87.284 26.986
87.307 29.271
87.330 32.493
87.353 28.579
87.377 29.524
87.400 28.799
87.423 26.081
87.446 24.816
87.470 26.273
87.493 25.730
87.516 24.901
87.539 24.964
87.562 25.325
87.586 25.421
87.609 29.419
87.632 29.714
87.655 30.158
87.679 30.176
87.702 29.169
87.725 31.047
87.748 27.638
87.771 27.268
87.795 28.231
87.818 28.312
87.841 29.501
87.864 30.547
87.888 30.300
87.911 30.037
87.934 27.076
87.957 30.477
87.980 30.970
88.004 27.316
88.027 26.177
88.050 27.789
88.073 28.041
88.097 28.083
88.120 32.035
88.143 32.515
88.166 29.975
88.189 28.657
88.213 29.173
88.236 29.693
88.259 31.541
88.282 32.193
88.305 29.580
88.329 27.279
88.352 25.333
88.375 25.517
88.398 26.711
88.422 27.753
88.445 28.153
88.468 29.881
88.491 28.303
88.514 28.351
88.538 32.901
88.561 33.638
88.584 31.566
88.607 31.740
88.631 28.824
88.654 26.102
88.677 27.069
88.700 29.948
88.723 30.524
88.747 30.118
88.770 30.752
88.793 28.675
88.816 28.557
88.840 29.971
88.863 30.017
88.886 30.472
88.909 29.544
88.932 26.515
88.956 26.518
88.979 27.145
89.002 28.562
89.025 30.810
89.049 28.037
89.072 28.555
89.095 27.272
89.118 27.304
89.141 27.782
89.165 29.817
89.188 30.925
89.211 28.739
89.234 29.435
89.258 27.721
89.281 28.072
89.304 32.428
89.327 32.949
89.350 31.131
89.374 29.635
89.397 27.992
89.420 28.181
89.443 28.044
89.466 29.433
89.490 27.543
89.513 27.550
89.536 25.480
89.559 27.149
89.583 28.174
89.606 29.353
89.629 30.079
89.652 29.103
89.675 28.053
89.699 28.101
89.722 28.970
89.745 31.920
89.768 33.064
89.792 31.537
89.815 30.364
89.838 31.093
89.861 28.773
89.884 30.712
89.908 29.172
89.931 32.087
89.954 31.402
89.977 31.060
90.001 27.568
90.024 30.472
90.047 30.405
90.070 31.939
90.093 30.679
90.117 29.413
90.140 30.965
90.163 28.767
90.186 28.882
90.210 31.382
90.233 30.437
90.256 28.829
90.279 28.870
90.302 25.903
90.326 26.950
90.349 27.522
90.372 30.279
90.395 30.202
90.419 30.899
90.442 31.382
90.465 27.994
90.488 28.802
90.511 30.019
90.535 30.631
90.558 28.804
90.581 29.237
90.604 30.893
90.627 30.061
90.651 29.817
90.674 31.364
90.697 32.090
90.720 31.223
90.744 32.220
90.767 30.557
90.790 27.729
90.813 26.973
90.836 29.541
90.860 29.820
90.883 29.595
90.906 29.945
90.929 28.945
90.953 33.002
90.976 33.329
90.999 31.331
91.022 28.280
91.045 25.825
91.069 27.356
91.092 30.039
91.115 29.571
91.138 30.616
91.162 31.046
91.185 29.032
91.208 28.656
91.231 29.897
91.254 28.765
91.278 30.761
91.301 32.753
91.324 32.441
91.347 30.384
91.371 31.534
91.394 32.113
91.417 29.646
91.440 28.465
91.463 29.920
91.487 28.521
91.510 26.508
91.533 28.061
91.556 29.408
91.580 29.074
91.603 27.906
91.626 28.347
91.649 26.196
91.672 28.286
91.696 29.033
91.719 26.872
91.742 27.935
91.765 30.063
91.788 30.933
91.812 30.244
91.835 31.849
91.858 29.718
91.881 28.074
91.905 25.799
91.928 27.148
91.951 24.547
91.974 26.537
91.997 27.479
92.021 28.249
92.044 28.064
92.067 26.772
92.090 28.433
92.114 27.894
92.137 27.855
92.160 28.893
92.183 29.819
92.206 29.497
92.230 29.644
92.253 29.994
92.276 29.165
92.299 30.763
92.323 28.998
92.346 29.621
92.369 26.954
92.392 25.823
92.415 27.579
92.439 28.317
92.462 27.369
92.485 28.245
92.508 27.734
92.532 27.904
92.555 28.007
92.578 29.534
92.601 30.678
92.624 28.140
92.648 27.723
92.671 28.577
92.694 29.732
92.717 27.811
92.740 29.127
92.764 29.885
92.787 27.565
92.810 26.117
92.833 28.638
92.857 28.061
92.880 28.670
92.903 30.151
92.926 29.790
92.949 31.211
92.973 28.497
92.996 28.111
93.019 28.115
93.042 29.337
93.066 29.744
93.089 30.094
93.112 27.790
93.135 28.065
93.158 26.926
93.182 25.197
93.205 28.982
93.228 28.198
93.251 27.649
93.275 26.397
93.298 26.533
93.321 29.449
93.344 29.263
93.367 28.704
93.391 30.353
93.414 30.462
93.437 31.426
93.460 28.707
93.484 28.781
93.507 27.347
93.530 30.165
93.553 28.178
93.576 29.537
93.600 28.702
93.623 29.007
93.646 30.873
93.669 30.203
93.693 28.516
93.716 29.146
93.739 26.251
93.762 26.766
93.785 29.261
93.809 30.161
93.832 32.086
93.855 30.474
93.878 28.109
93.901 28.871
93.925 29.582
93.948 30.536
93.971 30.787
93.994 29.662
94.018 30.101
94.041 30.874
94.064 30.656
94.087 30.562
94.110 31.224
94.134 31.824
94.157 29.686
94.180 26.893
94.203 26.544
94.227 29.878
94.250 30.419
94.273 31.505
94.296 31.529
94.319 29.248
94.343 25.847
94.366 30.446
94.389 31.992
94.412 28.942
94.436 29.686
94.459 28.440
94.482 28.715
94.505 27.949
94.528 29.345
94.552 30.234
94.575 33.586
94.598 32.615
94.621 31.710
94.645 27.044
94.668 29.241
94.691 33.526
94.714 32.927
94.737 34.924
94.761 31.990
94.784 27.908
94.807 25.992
94.830 28.952
94.854 30.885
94.877 30.817
94.900 33.473
94.923 33.426
94.946 31.163
94.970 30.632
94.993 31.030
95.016 29.664
95.039 28.574
95.062 30.698
95.086 27.782
95.109 27.270
95.132 27.424
95.155 29.408
95.179 32.143
95.202 30.368
95.225 28.081
95.248 24.336
95.271 29.386
95.295 30.539
95.318 31.600
95.341 32.162
95.364 34.205
95.388 32.749
95.411 30.965
95.434 30.792
95.457 29.442
95.480 29.267
95.504 30.052
95.527 28.872
95.550 27.679
95.573 29.120
95.597 30.831
95.620 31.190
95.643 30.614
95.666 30.066
95.689 28.533
95.713 28.297
95.736 30.841
95.759 31.420
95.782 29.141
95.806 27.676
95.829 27.213
95.852 27.775
95.875 29.713
95.898 30.237
95.922 31.649
95.945 28.648
95.968 29.753
95.991 28.350
96.015 26.592
96.038 29.327
96.061 30.493
96.084 29.402
96.107 28.840
96.131 27.525
96.154 28.626
96.177 29.349
96.200 30.662
96.223 31.462
96.247 29.009
96.270 28.532
96.293 26.405
96.316 28.006
96.340 30.055
96.363 30.830
96.386 29.086
96.409 29.319
96.432 29.426
96.456 28.086
96.479 29.197
96.502 29.928
96.525 28.593
96.549 28.998
96.572 30.973
96.595 28.834
96.618 28.418
96.641 28.402
96.665 32.488
96.688 33.774
96.711 30.939
96.734 27.501
96.758 25.638
96.781 28.304
96.804 30.092
96.827 29.800
96.850 29.056
96.874 30.464
96.897 28.452
96.920 27.128
96.943 29.205
96.967 30.712
96.990 28.331
97.013 27.932
97.036 27.346
97.059 24.917
97.083 26.793
97.106 27.226
97.129 29.324
97.152 28.985
97.176 28.673
97.199 26.199
97.222 28.138
97.245 31.423
97.268 33.575
97.292 29.744
97.315 28.313
97.338 28.359
97.361 31.206
97.384 30.678
97.408 29.305
97.431 28.245
97.454 26.852
97.477 26.705
97.501 27.811
97.524 27.296
97.547 28.442
97.570 31.075
97.593 28.445
97.617 27.900
97.640 25.367
97.663 26.624
97.686 27.546
97.710 28.487
97.733 30.266
97.756 30.931
97.779 30.033
97.802 28.014
97.826 28.839
97.849 29.710
97.872 29.412
97.895 29.767
97.919 30.286
97.942 26.488
97.965 23.639
97.988 26.408
98.011 27.433
98.035 28.947
98.058 27.462
98.081 27.325
98.104 28.163
98.128 30.349
98.151 30.922
98.174 29.816
98.197 33.040
98.220 30.834
98.244 27.743
98.267 25.943
98.290 26.891
98.313 26.350
98.337 28.155
98.360 28.257
98.383 27.397
98.406 26.297
98.429 27.204
98.453 27.884
98.476 29.063
98.499 30.472
98.522 29.325
98.545 29.386
98.569 28.453
98.592 29.912
98.615 29.437
98.638 30.292
98.662 32.638
98.685 30.799
98.708 28.895
98.731 28.662
98.754 29.027
98.778 32.761
98.801 34.440
98.824 33.476
98.847 30.203
98.871 28.972
98.894 29.141
98.917 30.416
98.940 31.870
98.963 31.751
98.987 27.928
99.010 26.351
99.033 28.415
99.056 31.394
99.080 29.771
99.103 27.780
99.126 28.599
99.149 27.130
99.172 29.819
99.196 30.709
99.219 31.904
99.242 30.411
99.265 30.310
99.289 29.861
99.312 29.255
99.335 30.185
99.358 31.015
99.381 30.757
99.405 30.640
99.428 31.656
99.451 28.097
99.474 28.601
99.498 28.586
99.521 30.266
99.544 30.511
99.567 31.465
99.590 29.040
99.614 31.072
99.637 31.950
99.660 30.746
99.683 30.886
99.706 30.246
99.730 28.776
99.753 29.032
99.776 30.491
99.799 30.503
99.823 30.224
99.846 28.785
99.869 26.537
99.892 29.027
99.915 26.976
99.939 28.960
99.962 28.601
99.985 27.382
100.008 28.261
100.032 24.559
100.055 26.873
100.078 29.175
100.101 29.508
100.124 30.080
100.148 29.155
100.171 29.388
100.194 28.195
100.217 29.688
100.241 29.524
100.264 29.972
100.287 30.363
100.310 28.673
100.333 29.208
100.357 27.541
100.380 27.099
100.403 30.739
100.426 30.710
100.450 30.266
100.473 29.879
100.496 28.847
100.519 30.584
100.542 30.373
100.566 30.616
100.589 29.166
100.612 29.119
100.635 27.963
100.659 26.666
100.682 27.949
100.705 29.714
100.728 30.703
100.751 29.252
100.775 27.317
100.798 27.069
100.821 30.121
100.844 31.572
100.867 32.180
100.891 31.631
100.914 31.589
100.937 30.366
100.960 32.351
100.984 31.175
101.007 30.580
101.030 30.881
101.053 29.928
101.076 30.001
101.100 28.948
101.123 29.057
101.146 30.741
101.169 30.310
101.193 27.923
101.216 26.425
101.239 25.220
101.262 25.767
101.285 28.437
101.309 26.824
101.332 27.858
101.355 28.929
101.378 29.081
101.402 28.060
101.425 27.611
101.448 29.418
101.471 30.117
101.494 27.471
101.518 27.638
101.541 27.514
101.564 30.028
101.587 30.928
101.611 29.901
101.634 29.032
101.657 29.266
101.680 27.646
101.703 26.660
101.727 28.710
101.750 30.249
101.773 30.095
101.796 27.367
101.820 27.173
101.843 26.713
101.866 27.348
101.889 30.370
101.912 29.375
101.936 29.336
101.959 29.153
101.982 28.825
102.005 27.818
102.028 29.874
102.052 29.912
102.075 31.067
102.098 30.903
102.121 29.732
102.145 30.016
102.168 29.690
102.191 30.066
102.214 30.693
102.237 30.058
102.261 32.389
102.284 29.353
102.307 26.233
102.330 26.057
102.354 28.522
102.377 28.990
102.400 28.522
102.423 28.440
102.446 26.596
102.470 28.098
102.493 28.421
102.516 28.699
102.539 32.290
102.563 32.557
102.586 30.283
102.609 28.598
102.632 30.324
102.655 29.442
102.679 28.763
102.702 31.062
102.725 28.501
102.748 26.768
102.772 28.777
102.795 27.684
102.818 28.717
102.841 28.239
102.864 28.375
102.888 27.937
102.911 28.830
102.934 30.804
102.957 32.975
102.980 31.967
103.004 29.447
103.027 29.181
103.050 26.349
103.073 26.353
103.097 27.733
103.120 28.028
103.143 28.613
103.166 28.139
103.189 28.151
103.213 31.274
103.236 31.307
103.259 32.877
103.282 32.337
103.306 31.367
103.329 29.745
103.352 30.416
103.375 31.733
103.398 32.339
103.422 28.599
103.445 32.294
103.468 34.924
103.491 31.183
103.515 29.098
103.538 31.068
103.561 32.962
103.584 33.147
103.607 30.017
103.631 28.761
103.654 27.725
103.677 28.945
103.700 30.035
103.724 29.438
103.747 29.779
103.770 28.513
103.793 29.248
103.816 28.610
103.840 26.939
103.863 29.856
103.886 30.320
103.909 27.765
103.933 26.157
103.956 26.559
103.979 30.701
104.002 29.857
104.025 30.916
104.049 28.954
104.072 27.948
104.095 28.215
104.118 28.758
104.141 30.339
104.165 30.625
104.188 32.457
104.211 32.794
104.234 31.264
104.258 28.712
104.281 31.452
104.304 30.849
104.327 31.197
104.350 30.171
104.374 30.096
104.397 28.894
104.420 30.145
104.443 30.370
104.467 29.826
104.490 29.873
104.513 28.322
104.536 30.734
104.559 29.761
104.583 30.884
104.606 30.553
104.629 32.880
104.652 32.106
104.676 30.057
104.699 25.533
104.722 27.276
104.745 31.381
104.768 31.511
104.792 28.904
104.815 27.435
104.838 28.527
104.861 30.242
104.885 33.586
104.908 34.970
104.931 32.216
104.954 29.551
104.977 32.860
105.001 33.474
105.024 30.563
105.047 31.116
105.070 31.329
105.094 30.976
105.117 31.224
105.140 28.941
105.163 28.564
105.186 30.810
105.210 31.690
105.233 32.146
105.256 29.328
105.279 29.640
105.302 29.038
105.326 30.623
105.349 31.793
105.372 33.986
105.395 30.985
105.419 29.114
105.442 28.134
105.465 29.222
105.488 29.547
105.511 29.756
105.535 30.354
105.558 28.748
105.581 30.457
105.604 28.559
105.628 28.055
105.651 29.261
105.674 29.882
105.697 27.847
105.720 29.468
105.744 29.957
105.767 29.858
105.790 28.753
105.813 28.630
105.837 28.338
105.860 27.896
105.883 26.855
105.906 26.191
105.929 30.219
105.953 31.424
105.976 30.715
105.999 30.347
106.022 29.616
106.046 28.754
106.069 30.284
106.092 28.720
106.115 31.329
106.138 31.767
106.162 31.470
106.185 29.734
106.208 27.356
106.231 29.044
106.255 27.269
106.278 31.105
106.301 33.431
106.324 28.959
106.347 27.970
106.371 27.506
106.394 30.943
106.417 30.046
106.440 29.950
106.463 30.822
106.487 26.757
106.510 26.869
106.533 28.583
106.556 29.259
106.580 28.823
106.603 27.030
106.626 26.380
106.649 28.235
106.672 27.895
106.696 31.130
106.719 30.129
106.742 28.534
106.765 27.516
106.789 27.039
106.812 28.971
106.835 29.168
106.858 27.802
106.881 27.688
106.905 27.920
106.928 28.452
106.951 29.096
106.974 29.769
106.998 30.204
107.021 30.518
107.044 28.795
107.067 28.717
107.090 27.461
107.114 26.893
107.137 25.733
107.160 26.541
107.183 25.073
107.207 26.404
107.230 26.044
107.253 24.621
107.276 27.893
107.299 29.685
107.323 30.171
107.346 29.823
107.369 29.532
107.392 28.188
107.416 27.425
107.439 28.610
107.462 30.381
107.485 30.776
107.508 33.035
107.532 31.167
107.555 25.625
107.578 27.285
107.601 28.114
107.624 26.835
107.648 28.804
107.671 30.842
107.694 28.541
107.717 25.573
107.741 30.751
107.764 31.634
107.787 31.053
107.810 27.796
107.833 26.130
107.857 25.899
107.880 28.595
107.903 29.469
107.926 27.938
107.950 27.938
107.973 29.374
107.996 26.938
108.019 28.230
108.042 30.375
108.066 28.492
108.089 28.829
108.112 29.230
108.135 30.264
108.159 30.892
108.182 28.147
108.205 29.576
108.228 26.746
108.251 25.243
108.275 28.405
108.298 28.954
108.321 28.016
108.344 28.511
108.368 26.414
108.391 27.020
108.414 29.005
108.437 28.039
108.460 25.200
108.484 26.945
108.507 25.322
108.530 26.433
108.553 28.171
108.577 30.173
108.600 29.548
108.623 28.178
108.646 29.126
108.669 30.585
108.693 28.854
108.716 27.930
108.739 26.248
108.762 29.142
108.785 29.448
108.809 29.385
108.832 30.336
108.855 30.185
108.878 26.691
108.902 25.814
108.925 29.367
108.948 31.253
108.971 30.474
108.994 30.432
109.018 29.616
109.041 24.476
109.064 28.336
109.087 29.720
109.111 30.380
109.134 32.126
109.157 29.963
109.180 28.737
109.203 28.826
109.227 28.571
109.250 30.351
109.273 31.109
109.296 28.395
109.320 31.314
109.343 29.501
109.366 26.973
109.389 31.172
109.412 30.361
109.436 28.131
109.459 28.494
109.482 28.423
109.505 28.434
109.529 28.868
109.552 30.155
109.575 29.116
109.598 27.520
109.621 25.153
109.645 25.811
109.668 29.324
109.691 30.270
109.714 28.909
109.738 28.364
109.761 27.913
109.784 28.646
109.807 27.614
109.830 28.752
109.854 30.883
109.877 28.804
109.900 28.061
109.923 26.233
109.946 25.821
109.970 26.722
109.993 29.418
110.016 30.698
110.039 27.236
110.063 29.100
110.086 28.541
110.109 29.400
110.132 30.343
110.155 30.976
110.179 31.373
110.202 28.721
110.225 27.480
110.248 26.528
110.272 29.027
110.295 32.872
110.318 32.305
110.341 31.587
110.364 29.664
110.388 26.753
110.411 27.980
110.434 30.277
110.457 28.910
110.481 30.948
110.504 27.779
110.527 27.207
110.550 28.581
110.573 29.336
110.597 28.521
110.620 29.971
110.643 28.793
110.666 26.711
110.690 26.123
110.713 26.625
110.736 30.113
110.759 29.408
110.782 27.036
110.806 28.867
110.829 29.081
110.852 26.968
110.875 28.159
110.899 30.401
110.922 29.360
110.945 28.003
110.968 29.668
110.991 29.255
111.015 31.384
111.038 31.310
111.061 32.100
111.084 30.020
111.107 31.203
111.131 27.846
111.154 26.847
111.177 28.749
111.200 30.280
111.224 27.689
111.247 26.422
111.270 25.828
111.293 26.801
111.316 30.013
111.340 28.448
111.363 30.887
111.386 30.659
111.409 29.266
111.433 29.865
111.456 28.944
111.479 29.660
111.502 32.373
111.525 30.512
111.549 30.431
111.572 27.877
111.595 27.364
111.618 30.161
111.642 30.892
111.665 32.467
111.688 27.570
111.711 28.264
111.734 32.312
111.758 29.976
111.781 31.547
111.804 32.569
111.827 29.983
111.851 29.497
111.874 27.839
111.897 27.869
111.920 28.572
111.943 28.745
111.967 27.503
111.990 29.892
112.013 30.102
112.036 28.148
112.060 27.661
112.083 28.523
112.106 30.093
112.129 30.410
112.152 28.798
112.176 28.282
112.199 27.582
112.222 27.793
112.245 30.840
112.268 31.296
112.292 32.132
112.315 31.119
112.338 26.992
112.361 26.873
112.385 26.733
112.408 28.784
112.431 27.717
112.454 25.426
112.477 27.699
112.501 27.907
112.524 28.187
112.547 27.313
112.570 30.533
112.594 30.805
112.617 29.373
112.640 25.984
112.663 26.025
112.686 27.052
112.710 27.042
112.733 29.266
112.756 29.904
112.779 27.706
112.803 27.970
112.826 29.892
112.849 32.371
112.872 32.139
112.895 32.003
112.919 31.020
112.942 29.161
112.965 28.388
112.988 30.608
113.012 31.005
113.035 30.325
113.058 30.069
113.081 30.312
113.104 28.160
113.128 31.787
113.151 29.499
113.174 28.982
113.197 28.213
113.220 27.223
113.244 25.484
113.267 26.985
113.290 26.357
113.313 28.126
113.337 28.292
113.360 28.746
113.383 28.802
113.406 28.777
113.429 29.321
113.453 29.985
113.476 29.431
113.499 29.240
113.522 27.435
113.546 25.671
113.569 27.961
113.592 27.946
113.615 30.263
113.638 29.629
113.662 30.050
113.685 29.026
113.708 29.101
113.731 28.858
113.755 31.510
113.778 31.968
113.801 30.080
113.824 28.159
113.847 28.242
113.871 28.586
113.894 29.921
113.917 29.834
113.940 27.075
113.964 27.530
113.987 29.461
114.010 30.824
114.033 31.688
114.056 31.292
114.080 30.559
114.103 31.083
114.126 27.540
114.149 28.675
114.173 32.574
114.196 31.308
114.219 29.305
114.242 28.188
114.265 27.387
114.289 24.738
114.312 27.959
114.335 28.895
114.358 30.965
114.381 30.361
114.405 26.365
114.428 24.572
114.451 25.517
114.474 26.912
114.498 29.677
114.521 30.306
114.544 29.152
114.567 28.087
114.590 28.634
114.614 31.959
114.637 31.601
114.660 33.664
114.683 30.723
114.707 30.292
114.730 29.966
114.753 29.648
114.776 29.874
114.799 29.901
114.823 30.786
114.846 29.623
114.869 29.777
114.892 28.231
114.916 27.966
114.939 28.492
114.962 31.661
114.985 31.877
115.008 30.303
115.032 28.820
115.055 29.904
115.078 28.699
115.101 30.560
115.125 32.099
115.148 32.187
115.171 30.749
115.194 30.160
115.217 28.664
115.241 28.000
115.264 29.362
115.287 28.549
115.310 28.725
115.334 28.955
115.357 28.593
115.380 31.298
115.403 31.915
115.426 32.211
115.450 26.983
115.473 27.128
115.496 24.225
115.519 23.539
115.542 25.442
115.566 25.193
115.589 27.609
115.612 28.685
115.635 27.469
115.659 25.637
115.682 28.582
115.705 32.301
115.728 31.778
115.751 31.034
115.775 34.449
115.798 31.155
115.821 26.384
115.844 27.960
115.868 27.691
115.891 27.983
115.914 29.383
115.937 25.524
115.960 22.319
115.984 24.229
116.007 22.972
116.030 23.853
116.053 26.049
116.077 24.261
116.100 24.656
116.123 27.483
116.146 29.274
116.169 29.459
116.193 27.975
116.216 26.906
116.239 28.961
116.262 26.714
116.286 27.727
116.309 30.022
116.332 30.039
116.355 30.432
116.378 30.528
116.402 28.224
116.425 29.091
116.448 30.423
116.471 30.518
116.495 26.965
116.518 26.449
116.541 26.122
116.564 27.360
116.587 25.983
116.611 27.456
116.634 24.385
116.657 25.981
116.680 27.011
116.703 27.302
116.727 27.003
116.750 26.432
116.773 24.238
116.796 25.723
116.820 26.015
116.843 26.745
116.866 23.891
116.889 21.154
116.912 21.279
116.936 21.220
116.959 21.299
116.982 21.920
117.005 21.077
117.029 19.731
117.052 20.490
117.075 21.544
117.098 22.872
117.121 22.857
117.145 20.862
117.168 20.440
117.191 22.213
117.214 20.941
117.238 19.912
117.261 21.763
117.284 20.856
117.307 20.414
117.330 20.375
117.354 16.335
117.377 19.155
117.400 15.479
117.423 16.693
117.447 17.750
117.470 17.992
117.493 16.009
117.516 16.978
117.539 17.363
117.563 15.468
117.586 15.714
117.609 16.679
117.632 15.534
117.656 14.749
117.679 15.281
117.702 17.286
117.725 17.122
117.748 16.956
117.772 13.690
117.795 13.446
117.818 13.844
117.841 14.775
117.864 14.270
117.888 12.965
117.911 12.822
117.934 12.470
117.957 12.121
117.981 11.662
118.004 8.529
118.027 10.617
118.050 10.429
118.073 9.760
118.097 12.136
118.120 11.836
118.143 10.398
118.166 14.134
118.190 14.693
118.213 12.399
118.236 12.526
118.259 12.162
118.282 10.658
118.306 14.137
118.329 12.064
118.352 11.651
118.375 13.561
118.399 14.579
118.422 15.785
118.445 15.638
118.468 15.517
118.491 15.977
118.515 21.330
118.538 20.103
118.561 19.555
118.584 18.063
118.608 14.918
118.631 17.265
118.654 17.870
118.677 17.029
118.700 16.392
118.724 16.226
118.747 16.733
118.770 17.042
118.793 17.517
118.817 22.173
118.840 23.626
118.863 20.487
118.886 19.598
118.909 19.994
118.933 18.351
118.956 22.168
118.979 23.281
119.002 22.197
119.025 22.007
119.049 22.380
119.072 21.058
119.095 20.099
119.118 22.941
119.142 24.173
119.165 22.696
119.188 22.164
119.211 21.197
119.234 25.943
119.258 27.344
119.281 24.151
119.304 21.809
119.327 20.505
119.351 19.644
119.374 18.368
119.397 18.758
119.420 17.417
119.443 19.714
119.467 18.430
119.490 17.880
119.513 17.617
119.536 17.221
119.560 19.011
119.583 18.798
119.606 17.982
119.629 21.971
119.652 19.221
119.676 19.978
119.699 23.172
119.722 23.079
119.745 21.838
119.769 20.275
119.792 19.808
119.815 19.949
119.838 21.372
119.861 17.843
119.885 18.702
119.908 17.052
119.931 13.878
119.954 15.055
119.978 15.212
120.001 15.899
120.024 21.627
120.047 23.649
120.070 22.480
120.094 20.662
120.117 22.016
120.140 19.494
120.163 20.368
120.186 21.262
120.210 17.779
120.233 13.631
120.256 14.100
120.279 17.928
120.303 16.470
120.326 16.634
120.349 15.535
120.372 16.596
120.395 16.051
120.419 16.953
120.442 18.026
120.465 19.543
120.488 22.537
120.512 22.408
120.535 20.665
120.558 21.206
120.581 20.108
120.604 16.721
120.628 19.123
120.651 20.907
120.674 19.716
120.697 19.131
120.721 18.633
120.744 17.961
120.767 18.319
120.790 17.857
120.813 18.483
120.837 17.554
120.860 16.631
120.883 16.542
120.906 17.177
120.930 23.795
120.953 25.274
120.976 20.322
120.999 19.179
121.022 19.799
121.046 16.918
121.069 16.609
121.092 19.493
121.115 23.921
121.139 26.440
121.162 26.969
121.185 27.490
121.208 26.166
121.231 20.117
121.255 15.479
121.278 15.781
121.301 16.872
121.324 17.537
121.347 17.613
121.371 19.860
121.394 22.353
121.417 18.083
121.440 13.768
121.464 13.285
121.487 13.505
121.510 15.915
121.533 14.493
121.556 13.479
121.580 18.649
121.603 19.383
121.626 17.521
121.649 17.229
121.673 17.705
121.696 16.579
121.719 14.070
121.742 13.963
121.765 14.711
121.789 13.670
121.812 15.597
121.835 19.428
121.858 16.725
121.882 16.639
121.905 14.410
121.928 13.101
121.951 14.545
121.974 17.707
121.998 15.001
122.021 10.227
122.044 10.012
122.067 15.731
122.091 15.003
122.114 18.334
122.137 20.034
122.160 22.309
122.183 26.522
122.207 27.882
122.230 28.695
122.253 28.047
122.276 22.991
122.300 16.663
122.323 15.740
122.346 15.382
122.369 13.970
122.392 13.751
122.416 16.000
122.439 18.301
122.462 19.072
122.485 18.358
122.508 18.168
122.532 18.289
122.555 17.305
122.578 16.959
122.601 18.880
122.625 20.025
122.648 16.682
122.671 13.794
122.694 14.741
122.717 14.876
122.741 14.521
122.764 14.419
122.787 14.686
122.810 14.403
122.834 12.345
122.857 10.730
122.880 11.879
122.903 14.629
122.926 15.575
122.950 14.572
122.973 13.034
122.996 11.857
123.019 15.164
123.043 19.429
123.066 18.890
123.089 18.298
123.112 17.337
123.135 16.197
123.159 15.291
123.182 14.614
123.205 14.124
123.228 13.216
123.252 13.384
123.275 13.385
123.298 13.790
123.321 12.765
123.344 14.696
123.368 14.850
123.391 14.034
123.414 14.149
123.437 12.442
123.460 13.346
123.484 18.709
123.507 19.706
123.530 19.170
123.553 17.177
123.577 15.215
123.600 12.962
123.623 18.670
123.646 19.428
123.669 18.687
123.693 17.085
123.716 16.393
123.739 16.717
123.762 15.580
123.786 16.490
123.809 15.375
123.832 16.028
123.855 14.263
123.878 14.615
123.902 15.622
123.925 15.268
123.948 14.455
123.971 14.258
123.995 14.961
124.018 15.583
124.041 15.477
124.064 16.804
124.087 18.897
124.111 17.292
124.134 18.643
124.157 18.463
124.180 17.707
124.204 16.904
124.227 18.388
124.250 19.733
124.273 18.543
124.296 17.405
124.320 17.133
124.343 17.132
124.366 17.473
124.389 17.039
124.413 16.795
124.436 15.992
124.459 14.444
124.482 14.333
124.505 14.912
124.529 15.159
124.552 14.751
124.575 13.580
124.598 13.557
124.621 13.736
124.645 12.809
124.668 14.308
124.691 14.998
124.714 14.380
124.738 13.566
124.761 13.520
124.784 14.201
124.807 15.320
124.830 22.758
124.854 22.262
124.877 20.553
124.900 19.447
124.923 18.864
124.947 18.099
124.970 17.446
124.993 16.972
125.016 15.911
125.039 15.966
125.063 15.821
125.086 14.955
125.109 15.843
125.132 16.388
125.156 14.314
125.179 15.459
125.202 17.050
125.225 16.408
125.248 16.627
125.272 19.514
125.295 21.198
125.318 21.421
125.341 21.453
125.365 20.971
125.388 20.579
125.411 18.541
125.434 20.008
125.457 19.338
125.481 18.349
125.504 17.947
125.527 18.138
125.550 18.160
125.574 18.502
125.597 18.854
125.620 17.853
125.643 16.519
125.666 17.053
125.690 17.115
125.713 20.934
125.736 25.681
125.759 23.142
125.782 18.656
125.806 19.361
125.829 17.969
125.852 17.652
125.875 16.720
125.899 20.089
125.922 25.270
125.945 26.788
125.968 27.362
125.991 27.672
126.015 24.897
126.038 17.999
126.061 16.042
126.084 16.722
126.108 17.276
126.131 16.376
126.154 17.128
126.177 20.028
126.200 19.644
126.224 15.573
126.247 14.693
126.270 14.736
126.293 14.457
126.317 15.063
126.340 15.538
126.363 16.042
126.386 17.794
126.409 15.481
126.433 15.169
126.456 13.581
126.479 14.326
126.502 14.991
126.526 13.518
126.549 15.514
126.572 16.450
126.595 14.707
126.618 14.728
126.642 17.381
126.665 16.067
126.688 15.119
126.711 13.873
126.735 12.882
126.758 12.178
126.781 12.440
126.804 9.478
126.827 9.754
126.851 11.012
126.874 15.883
126.897 15.717
126.920 13.352
126.943 15.729
126.967 16.107
126.990 15.287
127.013 14.385
127.036 14.033
127.060 14.115
127.083 16.909
127.106 19.951
127.129 25.139
127.152 27.311
127.176 28.350
127.199 27.834
127.222 24.992
127.245 25.339
127.269 23.586
127.292 22.532
127.315 18.744
127.338 17.354
127.361 20.289
127.385 20.301
127.408 16.932
127.431 18.603
127.454 17.660
127.478 15.382
127.501 16.910
127.524 15.577
127.547 16.122
127.570 16.928
127.594 17.184
127.617 16.108
127.640 16.285
127.663 16.772
127.687 20.526
127.710 17.017
127.733 16.888
127.756 17.478
127.779 16.758
127.803 15.553
127.826 16.763
127.849 19.703
127.872 18.490
127.896 17.558
127.919 16.695
127.942 16.078
127.965 16.010
127.988 16.416
128.012 15.045
128.035 15.629
128.058 16.570
128.081 13.608
128.104 12.308
128.128 22.149
128.151 24.271
128.174 22.831
128.197 20.824
128.221 18.342
128.244 14.783
128.267 12.363
128.290 19.487
128.313 20.542
128.337 19.807
128.360 18.669
128.383 16.474
128.406 18.598
128.430 24.189
128.453 23.839
128.476 21.811
128.499 18.866
128.522 16.739
128.546 19.358
128.569 17.472
128.592 16.961
128.615 17.318
128.639 15.819
128.662 14.093
128.685 17.563
128.708 14.503
128.731 13.071
128.755 17.314
128.778 14.389
128.801 15.146
128.824 16.019
128.848 16.031
128.871 20.772
128.894 21.051
128.917 18.092
128.940 20.168
128.964 16.625
128.987 21.048
129.010 20.329
129.033 19.770
129.057 19.995
129.080 18.896
129.103 17.686
129.126 17.798
129.149 17.808
129.173 17.908
129.196 17.001
129.219 16.764
129.242 16.041
129.265 15.535
129.289 15.274
129.312 15.655
129.335 15.569
129.358 15.645
129.382 15.130
129.405 13.795
129.428 14.174
129.451 15.692
129.474 14.690
129.498 15.103
129.521 13.885
129.544 14.382
129.567 13.834
129.591 13.661
129.614 18.424
129.637 22.776
129.660 22.133
129.683 20.401
129.707 19.558
129.730 19.082
129.753 18.373
129.776 19.683
129.800 20.044
129.823 17.443
129.846 18.007
129.869 17.522
129.892 16.633
129.916 17.159
129.939 16.565
129.962 17.208
129.985 16.216
130.009 13.214
130.032 12.393
130.055 17.713
130.078 21.531
130.101 23.030
130.125 23.301
130.148 21.794
130.171 20.119
130.194 19.046
130.218 16.287
130.241 21.019
130.264 19.786
130.287 18.241
130.310 18.093
130.334 17.657
130.357 17.902
130.380 17.970
130.403 17.983
130.426 17.862
130.450 16.867
130.473 17.150
130.496 16.878
130.519 24.499
130.543 26.040
130.566 23.444
130.589 21.246
130.612 20.101
130.635 17.643
130.659 16.409
130.682 18.037
130.705 21.602
130.728 25.751
130.752 27.113
130.775 27.482
130.798 27.528
130.821 23.414
130.844 15.936
130.868 16.672
130.891 17.598
130.914 18.471
130.937 18.834
130.961 18.287
130.984 22.782
131.007 21.302
131.030 18.767
131.053 17.666
131.077 16.612
131.100 17.973
131.123 16.354
131.146 15.643
131.170 17.310
131.193 19.158
131.216 19.779
131.239 20.341
131.262 18.368
131.286 16.251
131.309 15.223
131.332 14.999
131.355 16.798
131.379 16.961
131.402 16.629
131.425 16.085
131.448 17.588
131.471 16.913
131.495 15.877
131.518 14.382
131.541 12.958
131.564 11.867
131.587 10.323
131.611 10.114
131.634 12.119
131.657 16.071
131.680 12.184
131.704 13.197
131.727 19.094
131.750 22.275
131.773 26.059
131.796 28.106
131.820 29.038
131.843 29.627
131.866 26.536
131.889 17.952
131.913 15.372
131.936 15.426
131.959 13.947
131.982 13.864
132.005 13.263
132.029 18.187
132.052 19.581
132.075 18.477
132.098 15.742
132.122 14.630
132.145 14.396
132.168 14.286
132.191 14.464
132.214 16.965
132.238 19.585
132.261 19.691
132.284 16.902
132.307 12.467
132.331 9.828
132.354 10.387
132.377 13.484
132.400 13.406
132.423 12.036
132.447 12.005
132.470 12.890
132.493 16.777
132.516 16.130
132.540 16.074
132.563 16.254
132.586 15.490
132.609 15.707
132.632 19.353
132.656 20.288
132.679 19.101
132.702 18.123
132.725 17.043
132.748 16.106
132.772 15.166
132.795 14.616
132.818 14.237
132.841 13.816
132.865 12.923
132.888 11.206
132.911 10.224
132.934 12.538
132.957 13.715
132.981 13.766
133.004 12.884
133.027 11.972
133.050 12.160
133.074 17.327
133.097 19.950
133.120 20.195
133.143 19.214
133.166 16.820
133.190 14.558
133.213 16.052
133.236 19.476
133.259 19.709
133.283 19.136
133.306 17.941
133.329 17.748
133.352 16.267
133.375 15.284
133.399 14.698
133.422 15.362
133.445 14.678
133.468 13.551
133.492 13.699
133.515 13.008
133.538 14.546
133.561 11.957
133.584 13.555
133.608 13.220
133.631 13.536
133.654 15.846
133.677 20.119
133.700 21.149
133.724 20.516
133.747 21.314
133.770 20.682
133.793 19.681
133.817 16.191
133.840 20.984
133.863 20.390
133.886 18.924
133.909 17.865
133.933 17.495
133.956 17.877
133.979 17.894
134.002 17.989
134.026 18.204
134.049 17.664
134.072 16.661
134.095 15.478
134.118 13.976
134.142 16.840
134.165 15.652
134.188 14.961
134.211 14.367
134.235 13.875
134.258 12.841
134.281 12.556
134.304 14.517
134.327 13.828
134.351 12.636
134.374 11.713
134.397 13.052
134.420 21.226
134.444 22.573
134.467 21.870
134.490 20.336
134.513 19.654
134.536 19.035
134.560 18.397
134.583 19.539
134.606 19.199
134.629 18.113
134.653 17.911
134.676 18.289
134.699 17.299
134.722 15.072
134.745 13.938
134.769 13.160
134.792 14.185
134.815 15.614
134.838 17.030
134.861 19.666
134.885 21.965
134.908 22.274
134.931 22.432
134.954 23.285
134.978 22.750
135.001 19.382
135.024 18.785
135.047 20.892
135.070 19.413
135.094 18.196
135.117 17.564
135.140 17.366
135.163 18.304
135.187 18.928
135.210 17.947
135.233 17.174
135.256 16.743
135.279 16.518
135.303 16.497
135.326 24.822
135.349 24.580
135.372 20.625
135.396 19.400
135.419 19.640
135.442 18.612
135.465 17.908
135.488 18.628
135.512 23.293
135.535 26.539
135.558 27.054
135.581 27.748
135.605 26.761
135.628 20.895
135.651 16.204
135.674 17.203
135.697 17.749
135.721 17.693
135.744 18.235
135.767 19.062
135.790 22.309
135.814 19.885
135.837 17.490
135.860 15.905
135.883 16.746
135.906 16.856
135.930 16.193
135.953 17.691
135.976 20.943
135.999 20.678
136.022 19.965
136.046 17.673
136.069 13.978
136.092 14.384
136.115 16.596
136.139 17.858
136.162 17.384
136.185 16.587
136.208 13.565
136.231 16.826
136.255 16.995
136.278 16.675
136.301 15.574
136.324 15.620
136.348 13.815
136.371 13.764
136.394 11.698
136.417 10.875
136.440 16.304
136.464 17.853
136.487 14.191
136.510 10.681
136.533 14.738
136.557 16.165
136.580 16.339
136.603 15.852
136.626 15.038
136.649 14.676
136.673 15.788
136.696 19.211
136.719 24.992
136.742 27.639
136.766 28.179
136.789 28.306
136.812 26.584
136.835 25.970
136.858 23.257
136.882 21.757
136.905 18.901
136.928 16.579
136.951 17.014
136.975 18.025
136.998 15.132
137.021 13.419
137.044 17.388
137.067 19.150
137.091 16.893
137.114 16.199
137.137 18.990
137.160 21.096
137.183 21.191
137.207 18.779
137.230 19.796
137.253 20.201
137.276 22.803
137.300 21.335
137.323 17.857
137.346 19.929
137.369 20.560
137.392 18.344
137.416 16.762
137.439 19.719
137.462 19.654
137.485 18.785
137.509 17.949
137.532 16.973
137.555 17.365
137.578 20.072
137.601 19.343
137.625 16.221
137.648 13.677
137.671 12.611
137.694 12.268
137.718 19.379
137.741 24.239
137.764 23.676
137.787 21.744
137.810 19.226
137.834 15.845
137.857 11.881
137.880 17.773
137.903 20.681
137.927 20.181
137.950 19.574
137.973 17.726
137.996 15.947
138.019 16.315
138.043 18.365
138.066 16.817
138.089 16.348
138.112 14.333
138.136 13.904
138.159 14.289
138.182 18.425
138.205 19.927
138.228 16.498
138.252 16.896
138.275 17.029
138.298 13.423
138.321 14.263
138.344 15.182
138.368 15.330
138.391 15.631
138.414 14.957
138.437 12.567
138.461 12.013
138.484 11.875
138.507 12.172
138.530 12.216
138.553 11.651
138.577 11.320
138.600 10.070
138.623 13.605
138.646 16.690
138.670 15.012
138.693 12.080
138.716 10.579
138.739 9.203
138.762 11.005
138.786 13.167
138.809 13.596
138.832 8.736
138.855 10.108
138.879 11.509
138.902 10.687
138.925 12.222
138.948 11.748
138.971 9.937
138.995 10.943
139.018 9.089
139.041 6.950
139.064 8.236
139.088 9.291
139.111 13.326
139.134 12.067
139.157 9.870
139.180 8.866
139.204 7.305
139.227 5.434
139.250 6.245
139.273 8.705
139.297 8.669
139.320 8.370
139.343 9.369
139.366 7.558
139.389 7.087
139.413 10.117
139.436 8.987
139.459 7.043
139.482 7.786
139.505 8.839
139.529 9.184
139.552 9.640
139.575 8.541
139.598 7.904
139.622 8.650
139.645 7.850
139.668 7.125
139.691 7.210
139.714 9.606
139.738 7.034
139.761 5.650
139.784 5.908
139.807 9.062
139.831 3.724
139.854 3.761
139.877 8.715
139.900 7.856
139.923 6.652
139.947 7.620
139.970 3.719
139.993 3.911
140.016 3.589
140.040 4.948
140.063 5.272
140.086 4.150
140.109 8.306
140.132 10.003
140.156 7.880
140.179 3.195
140.202 6.138
140.225 4.708
140.249 3.283
140.295 3.060
140.318 7.388
140.341 3.178
140.666 2.907
