0.208
0.204
0.163
0.031
0.317
0.088
0.049
0.184
0.228
0.496
0.464
0.242
0.351
0.385
0.432
0.153
0.626
0.200
0.146
0.241
0.305
0.000
0.373
0.307
0.366
0.502
0.501
0.438
0.213
0.020
0.204
0.433
0.396
0.207
0.178
0.574
0.455
0.349
0.506
0.454
0.435
0.208
0.721
0.627
0.756
0.817
0.229
0.590
0.505
0.302
0.327
0.082
0.202
0.068
0.291
0.378
0.266
0.047
0.708
0.469
0.553
0.531
0.671
0.559
0.782
0.690
0.673
0.681
0.702
0.745
0.681
0.772
0.652
0.597
0.667
0.670
0.599
0.743
0.950
0.598
0.599
0.740
0.678
0.697
0.707
0.774
0.635
0.671
0.691
0.710
0.735
0.671
0.585
0.850
0.789
0.842
0.605
0.606
0.793
0.712
0.733
0.747
0.626
0.594
0.745
0.600
0.471
0.524
0.598
0.690
0.743
0.639
0.585
0.617
0.788
0.580
0.657
0.665
0.710
0.658
0.651
0.569
0.604
0.576
0.616
0.686
0.621
0.627
0.601
0.601
0.664
0.622
0.628
0.637
0.657
0.657
0.657
0.655
0.731
0.556
0.609
0.642
0.608
0.610
0.507
0.546
0.634
0.771
0.686
0.630
0.682
0.757
0.581
0.587
0.764
0.676
0.674
0.742
0.753
0.788
0.678
0.617
0.695
0.621
0.812
0.688
0.791
0.759
0.532
0.693
0.689
0.616
0.712
0.764
0.725
0.639
0.574
0.709
0.722
0.819
0.662
0.657
0.633
0.683
0.605
0.735
0.647
0.754
0.776
0.786
0.712
0.768
0.620
0.734
0.911
0.907
0.771
0.903
0.735
0.677
0.736
0.863
0.921
0.821
0.708
0.758
0.700
0.734
0.646
0.776
0.780
0.769
0.800
0.774
0.859
0.927
0.782
0.632
0.941
0.976
0.724
0.734
0.848
0.788
0.866
0.754
0.686
0.687
0.627
0.617
0.696
0.702
0.702
0.656
0.614
0.618
0.596
0.661
1.000
0.628
0.602
0.698
0.593
0.722
0.619
0.825
0.645
0.653
0.723
0.715
0.748
0.708
0.659
0.863
0.829
0.720
0.606
0.685
0.698
0.741
0.649
0.503
0.276
0.217
0.439
0.140
0.295
0.387
0.412
0.631
0.223
0.135
0.279
0.308
0.739
0.711
0.405
0.443
0.305
0.039
