0.372
0.859
1.416
1.974
2.508
3.111
3.831
4.435
5.155
5.805
6.385
6.966
7.523
8.104
8.661
9.218
9.799
10.379
10.960
11.656
12.260
12.841
13.398
13.862
14.396
14.954
15.534
16.115
16.672
17.229
17.810
18.390
19.110
19.807
20.387
20.944
21.502
22.082
22.686
23.243
23.800
24.404
25.008
25.658
26.355
26.958
27.516
28.096
28.653
29.234
29.814
30.372
30.929
31.509
32.090
32.694
33.274
33.831
34.412
34.969
35.550
36.130
36.688
37.268
37.825
38.406
38.963
39.544
40.124
40.681
41.262
41.819
42.400
42.980
43.537
44.118
44.698
45.256
45.836
46.393
46.974
47.554
48.112
48.692
49.273
49.830
50.411
50.968
51.548
52.106
52.686
53.267
53.824
54.404
54.985
55.542
56.123
56.680
57.260
57.841
58.398
58.979
59.559
60.116
60.697
61.254
61.835
62.415
62.973
63.553
64.110
64.668
65.271
65.829
66.409
66.966
67.547
68.127
68.685
69.242
69.822
70.403
70.983
71.541
72.121
72.678
73.259
73.839
74.420
74.977
75.535
76.092
76.672
77.253
77.810
78.391
78.971
79.552
80.109
80.689
81.270
81.827
82.408
82.965
83.545
84.103
84.683
85.264
85.821
86.401
86.982
87.539
88.120
88.677
89.258
89.815
90.395
90.953
91.533
92.114
92.694
93.251
93.832
94.412
94.970
95.550
96.107
96.688
97.268
97.826
98.406
98.963
99.544
100.124
100.682
101.262
101.843
102.400
102.980
103.538
104.118
104.676
105.256
105.837
106.394
106.974
107.555
108.112
108.693
109.250
109.830
110.388
110.968
111.525
112.083
112.686
113.267
113.824
114.405
114.985
115.542
116.123
116.703
117.261
117.841
118.399
118.956
119.536
120.117
120.697
121.255
121.835
122.416
122.973
123.530
124.111
124.691
125.248
125.829
126.409
126.990
127.547
128.104
128.685
129.265
129.846
130.519
131.100
131.680
132.238
132.818
133.399
133.979
134.536
135.117
135.697
136.255
136.835
137.392
137.973
