0.070
1.300
2.763
3.019
3.274
3.506
3.994
5.759
6.269
6.711
7.430
7.918
8.197
8.429
8.684
8.916
9.172
9.404
9.660
9.892
10.147
10.379
10.635
10.867
11.122
11.378
11.633
11.865
12.121
12.353
12.608
12.841
13.096
13.328
13.584
13.839
14.095
14.303
14.559
15.790
16.045
16.277
16.556
16.765
17.043
17.276
17.531
17.763
17.995
18.251
18.506
18.739
18.994
19.226
19.482
19.737
19.992
20.225
20.480
20.712
20.968
21.200
21.455
21.687
21.943
22.175
22.407
22.686
22.941
23.174
23.429
23.661
23.893
24.149
24.427
24.636
24.892
25.124
25.379
25.612
25.890
26.099
26.378
26.610
26.865
27.098
27.353
27.585
28.073
28.352
28.584
28.816
29.048
29.304
29.536
29.722
29.838
30.140
30.302
30.511
31.533
31.788
31.927
32.020
32.206
32.508
32.763
33.019
33.297
33.483
33.762
33.971
34.133
34.249
34.482
34.737
34.969
35.225
35.457
35.712
35.944
36.223
36.409
36.455
36.711
36.943
37.198
37.431
37.686
37.918
38.150
38.406
38.661
38.893
39.149
39.427
39.660
39.892
40.147
40.380
40.588
40.658
40.867
41.123
41.355
41.610
41.866
42.121
42.353
42.609
42.841
43.096
43.305
43.352
43.607
43.816
44.071
44.304
44.559
44.791
45.070
45.302
45.465
45.627
45.790
45.906
46.022
46.277
46.393
46.533
46.626
46.765
46.951
47.044
47.253
47.531
47.763
48.019
48.251
48.460
48.739
48.994
49.226
49.482
49.737
49.969
50.225
50.480
50.712
50.968
51.200
51.455
51.688
51.966
52.175
52.431
52.686
52.941
53.174
53.429
53.661
53.870
54.149
54.381
54.637
54.892
55.124
55.403
55.612
55.867
56.123
56.262
56.378
56.587
56.633
56.866
57.121
57.353
57.609
57.864
58.096
58.352
58.584
58.839
59.072
59.327
59.559
59.838
60.047
60.256
60.325
60.558
60.790
61.045
61.301
61.533
61.765
62.020
62.276
62.485
62.531
62.764
63.019
63.274
63.507
63.762
63.878
64.134
64.482
64.737
64.853
65.109
65.225
65.480
65.712
65.852
66.084
66.339
66.688
66.943
67.175
67.431
67.686
67.825
67.942
68.197
68.406
68.661
68.824
68.917
69.056
69.172
69.404
69.613
69.683
69.822
69.915
70.147
70.380
70.612
70.867
71.123
71.378
71.587
71.634
71.773
71.866
72.098
72.353
72.609
72.864
72.980
73.120
73.329
73.561
73.607
73.839
73.979
74.327
74.559
75.302
75.558
75.790
76.022
76.278
76.533
76.765
77.044
77.253
77.531
77.764
77.996
78.251
78.507
78.762
78.994
79.203
79.482
79.737
79.993
80.225
80.457
80.713
80.968
81.131
81.223
81.456
81.711
81.920
82.152
82.431
82.663
82.942
83.058
83.197
83.429
83.592
83.778
83.917
84.056
84.172
84.381
84.544
84.660
84.892
85.008
85.217
85.380
85.566
85.891
86.030
86.123
86.378
86.494
86.610
86.866
86.982
87.353
87.516
87.841
88.004
88.097
88.329
88.491
88.584
88.816
88.956
89.141
89.304
89.490
89.792
89.977
90.070
90.279
90.326
90.442
90.581
90.790
90.929
91.069
91.278
91.463
91.626
91.765
91.928
92.044
92.276
92.415
92.532
92.764
92.880
93.042
93.251
93.553
93.762
93.994
94.250
94.412
94.877
94.970
95.155
95.225
95.689
95.968
96.107
96.200
96.386
96.432
96.781
96.943
97.059
97.199
97.454
97.593
97.919
98.174
98.453
98.894
99.056
99.892
99.939
100.148
100.635
100.891
101.123
101.262
101.378
101.634
101.750
101.866
102.841
103.050
103.352
103.607
103.840
104.095
104.559
104.815
105.070
105.186
105.302
105.442
105.674
106.069
106.301
106.533
106.765
107.021
107.532
107.764
107.996
108.507
108.739
108.994
109.134
109.273
109.482
109.621
109.738
109.993
110.225
110.481
110.666
110.945
111.433
111.688
111.943
112.083
112.524
112.686
112.942
113.197
113.383
113.429
113.569
113.685
113.917
114.149
114.637
114.892
115.125
115.334
115.403
115.635
115.891
116.123
116.378
116.611
116.843
117.075
117.330
117.470
117.563
117.841
118.050
118.561
118.817
119.072
119.304
119.560
119.792
120.047
120.303
120.535
120.744
121.022
121.162
121.440
121.510
121.765
121.998
122.160
122.508
122.764
122.996
123.135
123.252
123.484
123.739
123.995
124.227
124.482
124.691
124.738
124.877
124.993
125.132
125.365
125.457
125.713
125.945
126.433
126.711
126.920
127.152
127.431
127.687
128.174
128.639
128.940
129.173
129.312
129.382
129.614
129.892
130.078
130.241
130.403
130.589
131.007
131.146
131.379
131.611
131.820
132.005
132.122
132.354
132.586
132.748
132.865
132.981
133.213
133.352
133.608
133.817
133.979
134.188
134.327
134.583
134.769
134.954
135.070
135.303
135.465
135.558
135.721
135.814
135.976
136.069
136.301
136.533
136.789
136.928
137.044
137.276
137.532
137.787
138.019
138.182
138.368
138.530
138.739
138.902
139.111
139.273
139.714
139.970
140.156
140.481
140.736
140.852
140.992
141.108
141.201
141.456
141.688
141.944
142.199
142.338
142.454
142.687
142.942
143.058
143.174
143.430
143.662
143.894
144.080
144.173
144.335
144.405
144.660
144.823
144.916
145.148
145.380
145.636
145.845
146.007
146.146
146.262
146.379
146.611
146.773
146.913
147.122
147.261
147.354
147.609
147.841
148.027
148.213
148.352
148.584
148.910
149.095
149.258
149.351
149.560
149.862
150.187
150.326
150.558
150.698
151.046
151.301
151.533
151.882
152.021
152.323
152.416
152.532
152.694
152.857
153.020
153.182
153.345
153.507
153.995
154.180
154.366
154.482
154.529
154.691
154.877
154.993
155.272
155.411
155.527
155.667
155.736
155.829
155.968
156.131
156.456
156.828
156.967
157.106
157.292
157.431
157.780
157.942
158.128
158.290
158.430
158.592
158.778
158.917
159.103
159.173
159.289
159.428
159.614
159.753
159.985
160.125
160.311
160.636
160.775
160.938
161.077
161.239
161.402
161.843
162.006
162.633
162.842
163.097
163.585
163.840
164.072
164.212
164.328
164.583
164.815
165.094
165.349
165.581
165.790
166.557
166.789
167.068
167.532
167.764
168.136
168.275
168.414
168.623
168.739
169.018
169.250
169.482
169.715
169.993
170.249
170.458
170.713
170.969
171.456
171.688
171.944
172.083
172.222
172.408
172.687
172.942
173.151
173.407
173.546
173.662
173.894
174.196
174.405
174.637
174.893
175.148
175.264
175.404
175.543
175.636
175.868
176.123
176.263
176.379
176.611
176.866
177.122
177.377
177.586
177.865
178.097
178.306
178.352
178.585
178.840
179.072
179.328
179.560
179.792
180.048
180.280
180.512
180.814
181.046
181.301
181.534
181.789
182.021
182.277
182.509
182.764
183.020
183.252
183.484
183.693
183.972
184.111
184.250
184.459
184.738
184.970
185.249
185.458
185.713
185.969
186.085
186.201
186.433
186.712
186.944
187.176
187.431
187.640
187.687
187.849
187.942
188.082
188.198
188.407
188.662
188.918
189.173
189.405
189.661
189.893
190.102
190.380
190.636
190.891
191.123
191.356
191.611
191.866
192.122
192.331
192.377
192.610
192.911
193.329
193.585
193.817
194.072
194.328
194.560
194.815
195.048
195.303
195.558
195.791
196.023
196.278
196.534
196.789
197.045
197.277
197.532
197.764
198.020
198.252
198.484
198.740
198.995
199.227
199.436
199.715
199.877
199.970
200.202
200.481
200.690
200.853
200.969
201.201
201.456
201.689
201.828
201.944
202.176
202.432
202.687
202.919
203.175
203.407
203.593
203.685
203.802
204.150
204.405
204.637
204.916
205.148
205.404
205.636
205.845
205.891
206.124
206.379
206.890
207.168
207.331
207.633
207.865
208.051
208.306
208.422
208.585
208.724
209.142
209.885
210.048
210.489
