0.441
0.929
1.416
1.881
2.345
2.833
3.297
3.762
4.249
4.714
5.201
5.666
6.130
6.618
7.082
7.546
8.011
8.499
8.986
9.451
9.915
10.403
10.867
11.331
11.796
12.283
12.748
13.235
13.700
14.164
14.629
15.093
15.581
16.068
16.533
16.997
17.485
17.949
18.413
18.878
19.365
19.830
20.317
20.805
21.269
21.734
22.198
22.663
23.127
23.615
24.079
24.567
25.031
25.519
25.983
26.448
26.912
27.400
27.864
28.352
28.816
29.280
29.768
30.232
30.697
31.184
31.649
32.136
32.601
33.065
33.530
34.017
34.482
34.969
35.434
35.898
36.362
36.850
37.314
37.779
38.243
38.731
39.219
39.683
40.147
40.635
41.099
41.564
42.051
42.516
42.980
43.468
43.955
44.420
44.884
45.372
45.813
46.301
46.765
47.253
47.717
48.181
48.669
49.133
49.598
50.085
50.550
51.014
51.502
51.966
52.431
52.918
53.383
53.847
54.335
54.799
55.287
55.751
56.216
56.703
57.168
57.632
58.096
58.584
59.048
59.536
60.000
60.465
60.952
61.417
61.881
62.369
62.833
63.298
63.785
64.250
64.714
65.202
65.666
66.130
66.572
67.013
67.454
67.918
68.383
68.778
69.219
69.706
70.171
70.635
71.100
71.587
72.052
72.539
73.004
73.468
73.956
74.420
74.884
75.372
75.836
76.301
76.788
77.253
77.717
78.205
78.669
79.134
79.621
80.086
80.550
81.038
81.502
81.966
82.454
82.918
83.383
83.847
84.312
84.776
85.240
85.658
86.076
86.541
86.959
87.377
87.841
88.305
88.770
89.234
89.699
90.163
90.627
91.092
91.556
92.021
92.485
92.949
93.414
93.878
94.343
94.807
95.271
95.736
96.200
96.688
97.152
97.617
98.081
98.569
99.033
99.498
99.962
100.426
100.914
101.378
101.843
102.307
102.795
103.259
103.724
104.188
104.652
105.117
105.581
