0.310
0.636
0.245
0.504
0.351
0.262
0.451
0.368
0.505
0.417
0.624
0.005
0.523
0.380
0.241
0.312
0.602
0.550
0.631
0.248
0.565
0.315
0.386
0.533
0.317
0.601
0.413
0.590
0.411
0.618
0.359
0.640
0.837
0.459
0.462
0.665
0.580
0.539
0.638
0.436
0.555
0.688
0.238
0.417
0.631
0.324
0.718
0.726
0.611
0.615
0.561
0.353
0.722
0.378
0.577
0.341
0.490
0.528
0.369
0.630
0.634
0.613
0.532
0.641
0.605
0.574
0.528
0.667
0.621
0.676
0.390
0.540
0.337
0.438
0.544
0.641
0.606
0.524
0.644
0.577
0.684
0.288
0.545
0.540
0.568
0.357
0.642
0.577
0.289
0.578
0.428
0.639
0.506
0.570
0.397
0.661
0.611
0.611
0.580
0.629
0.598
0.600
0.466
0.648
0.470
0.501
0.531
0.472
0.619
0.751
0.601
0.349
0.672
0.704
0.713
0.610
0.747
0.713
0.652
0.638
0.589
0.320
0.482
0.356
0.534
0.481
0.612
0.627
0.504
0.630
0.643
0.612
0.634
0.589
0.544
0.666
0.544
0.583
0.430
0.532
0.369
0.557
0.608
0.455
0.553
0.221
0.592
0.563
0.621
0.581
0.626
0.568
0.578
0.526
0.429
0.448
0.569
0.378
0.540
0.485
0.297
0.651
0.466
0.446
0.022
0.362
0.437
0.595
0.661
0.289
0.281
0.240
0.925
1.000
0.837
0.671
0.037
0.037
0.037
0.037
0.037
0.037
0.037
0.037
0.073
0.073
0.073
0.073
0.073
0.073
0.073
0.073
0.013
0.034
0.009
0.006
0.026
0.287
0.259
0.081
0.378
0.024
0.113
0.041
0.087
0.022
0.000
0.110
0.006
0.001
0.013
0.120
