0.441
1.324
1.834
1.881
2.786
2.833
3.088
3.204
3.297
3.762
4.226
4.714
5.085
5.178
5.666
6.362
6.594
6.734
6.850
6.966
7.082
7.198
7.314
7.546
8.011
9.892
10.124
10.379
10.844
11.331
11.796
12.632
12.748
12.980
13.212
14.164
14.629
15.093
15.557
16.277
16.417
17.438
17.903
17.949
18.181
18.413
18.878
19.365
20.085
20.201
21.943
22.082
22.198
22.314
22.430
22.663
22.895
23.127
24.520
24.985
25.449
26.401
27.144
27.353
28.096
28.282
28.770
29.280
29.513
30.186
30.906
31.533
31.649
31.858
32.090
32.554
32.787
33.297
33.530
34.435
35.318
35.852
35.898
36.339
36.780
37.268
37.732
38.220
38.684
40.101
40.983
41.517
41.564
42.028
42.516
42.980
43.445
44.606
47.183
47.694
48.135
48.181
48.414
48.646
49.087
49.807
50.062
50.527
50.782
51.014
51.455
51.688
51.920
53.336
53.801
54.311
54.520
55.217
55.263
55.472
55.681
56.192
56.424
56.680
57.121
57.585
58.096
59.002
60.906
61.138
61.649
62.113
62.322
63.042
63.298
63.762
63.994
64.923
65.178
65.898
66.107
66.804
67.082
67.756
68.011
68.708
68.963
69.335
70.589
71.564
71.750
72.237
72.702
72.748
72.980
73.421
73.654
74.118
74.374
75.326
76.022
77.903
78.182
79.110
79.343
79.575
80.666
81.014
97.617
98.081
98.313
98.545
98.894
99.730
100.426
100.775
101.355
101.820
102.052
102.655
104.165
104.768
104.885
105.581
105.813
106.046
