0.428
0.529
0.309
0.534
0.330
0.569
0.285
0.526
0.294
0.532
0.310
0.562
0.576
0.978
0.976
0.974
0.379
0.569
0.365
0.593
0.283
0.599
0.294
0.554
0.345
0.567
0.373
0.568
0.225
0.547
0.341
0.525
0.344
0.563
0.354
0.548
0.267
0.545
0.324
0.518
0.499
0.886
0.531
0.828
0.425
0.821
0.742
0.869
0.425
0.556
0.426
0.558
0.337
0.581
0.392
0.539
0.377
0.548
0.391
0.556
0.326
0.535
0.360
0.542
0.353
0.554
0.335
0.596
0.346
0.540
0.403
0.564
0.330
0.591
0.331
0.547
0.367
0.534
0.355
0.531
0.424
0.554
0.357
0.548
0.354
0.598
0.333
0.548
0.315
0.549
0.342
0.582
0.476
0.410
0.474
0.476
0.374
0.554
0.363
0.573
0.349
0.542
0.313
0.557
0.313
0.570
0.320
0.546
0.315
0.560
0.352
0.554
0.381
0.551
0.411
0.555
0.394
0.582
0.386
0.578
0.382
0.556
0.398
0.577
0.338
0.592
0.355
0.549
0.327
0.555
0.373
0.555
0.322
0.540
0.378
0.558
0.365
0.589
0.376
0.532
0.422
0.501
0.534
0.686
0.559
0.598
0.464
0.601
0.653
0.574
0.501
0.603
0.645
0.590
0.476
0.596
0.663
0.563
0.487
0.592
0.687
0.713
0.751
0.741
0.671
0.616
0.544
0.807
0.491
0.668
0.685
0.665
0.701
0.279
0.185
0.293
0.380
0.360
0.285
0.229
0.365
0.236
0.269
0.264
0.258
0.242
0.183
0.150
0.027
0.000
0.000
0.000
0.000
0.000
0.000
0.000
0.000
0.000
0.000
0.000
0.000
0.000
0.000
0.000
0.091
0.291
0.294
0.240
0.151
0.313
0.286
0.252
0.157
0.364
0.216
0.217
0.139
0.345
0.199
0.391
0.147
0.329
0.251
0.219
0.167
