0.000
0.831
0.951
0.883
0.904
0.990
0.746
0.741
0.909
0.939
0.771
0.905
0.000
0.000
0.000
0.000
0.943
0.943
0.887
0.951
0.857
0.921
0.992
0.760
0.801
0.759
0.921
0.441
0.912
0.559
0.000
0.879
0.859
0.915
0.949
0.892
0.941
0.848
0.896
0.899
0.002
0.771
0.447
0.000
0.000
0.255
0.000
0.883
0.701
0.868
0.904
0.941
0.902
0.947
0.833
0.924
0.981
0.815
0.885
0.638
0.403
0.918
0.931
0.731
0.872
0.000
0.876
0.872
0.937
0.917
0.951
0.830
0.930
0.985
0.836
0.922
0.905
0.911
0.753
0.939
0.335
0.909
0.819
0.908
0.832
0.931
0.925
0.944
0.880
0.053
0.870
0.323
0.942
0.768
0.878
0.236
0.939
0.670
0.913
0.327
0.886
0.782
0.912
0.988
0.957
0.941
0.921
0.953
0.777
0.967
0.548
0.844
0.827
0.932
0.445
0.875
0.830
0.880
0.722
0.906
0.947
0.946
0.854
0.932
0.927
0.989
0.971
0.654
0.573
0.922
0.927
0.480
0.000
0.876
0.877
0.654
0.953
0.945
0.953
0.861
0.936
0.810
0.816
0.925
0.627
0.768
0.887
0.939
0.309
0.879
0.853
0.873
0.261
0.091
0.251
0.265
0.871
0.944
0.902
0.976
0.374
0.526
0.514
0.420
1.000
0.497
0.000
0.000
0.000
0.000
0.000
0.000
0.000
0.714
0.888
0.818
0.406
0.084
0.000
0.000
0.000
0.000
0.000
0.000
0.000
0.000
0.000
0.000
0.000
0.000
0.000
0.000
0.000
0.126
0.390
0.770
0.064
0.567
0.201
0.873
0.865
0.618
0.664
0.703
0.582
0.391
0.793
0.611
0.466
0.386
0.765
0.061
0.358
