0.441
0.952
1.440
1.950
2.438
2.949
3.437
3.947
4.435
4.946
5.433
5.944
6.432
6.943
7.430
7.941
8.452
8.940
9.451
9.938
10.449
10.937
11.447
11.935
12.446
12.934
13.444
13.932
14.443
14.930
15.441
15.952
16.440
16.951
17.438
17.949
18.437
18.947
19.435
19.946
20.434
20.944
21.432
21.943
22.430
22.941
23.452
23.940
24.451
24.938
25.449
25.937
26.448
26.935
27.446
27.934
28.444
28.932
29.443
29.931
30.441
30.952
31.440
31.951
32.438
32.949
33.437
33.948
34.435
34.946
35.434
35.944
36.432
36.943
37.431
37.941
38.452
38.940
39.451
39.938
40.449
40.937
41.448
41.935
42.446
42.934
43.445
43.932
44.443
44.931
45.441
45.952
46.440
46.951
47.438
47.949
48.437
48.948
49.435
49.946
50.434
50.945
51.432
51.943
52.431
52.941
53.452
53.940
54.451
54.938
55.449
55.937
56.448
56.935
57.446
57.934
58.445
58.932
59.443
59.931
60.442
60.952
61.440
61.951
62.438
62.949
63.437
63.948
64.435
64.946
65.434
65.945
66.432
66.943
67.431
67.942
68.452
68.940
69.451
69.939
70.449
70.937
71.448
71.935
72.446
72.934
73.445
73.932
74.443
74.931
75.442
75.952
76.440
76.951
77.439
77.949
78.437
78.948
79.435
79.946
80.434
80.945
81.432
81.943
82.431
82.942
83.453
83.940
84.451
84.939
85.449
85.937
86.448
86.936
87.446
87.934
88.445
88.932
89.443
89.931
90.442
90.953
91.440
91.951
92.439
92.949
93.437
93.948
94.436
94.946
95.434
95.945
96.432
96.943
97.431
97.942
98.453
98.940
99.451
99.939
100.450
100.937
101.448
101.936
102.446
102.934
103.445
103.933
104.443
104.931
105.442
105.953
106.440
106.951
107.439
107.950
108.437
108.948
109.436
109.946
110.434
110.945
111.433
111.943
112.431
112.942
113.453
113.940
114.451
114.939
115.450
115.937
116.448
116.936
117.447
117.934
118.445
118.933
119.443
119.931
120.442
120.953
121.440
121.951
122.439
122.950
123.437
123.948
124.436
124.947
125.434
125.945
126.433
126.943
127.431
127.942
128.430
128.940
129.451
129.939
130.450
130.937
131.448
131.936
132.447
132.934
133.445
133.933
134.444
134.931
135.442
135.930
136.440
136.951
137.439
137.950
138.437
138.948
139.436
139.947
140.434
140.945
141.433
141.944
142.431
142.942
143.430
143.940
144.451
144.939
145.450
145.937
146.448
146.936
147.447
147.934
148.445
148.933
149.444
149.931
150.442
150.930
151.441
151.951
152.439
152.950
153.437
153.948
154.436
154.947
155.434
155.945
156.433
156.944
157.431
157.942
158.430
158.941
159.451
159.939
160.450
160.938
161.448
161.936
162.447
162.934
163.445
163.933
164.444
164.931
165.442
165.930
166.441
166.951
167.439
167.950
168.438
168.948
169.436
169.947
170.434
170.945
171.433
171.944
172.431
172.942
173.430
173.941
174.452
174.939
175.450
175.938
176.448
176.936
177.447
177.935
178.445
178.933
179.444
179.931
180.442
180.930
181.441
181.952
182.439
182.950
183.438
183.948
184.436
184.947
185.435
185.945
186.433
186.944
187.431
187.942
188.430
188.941
189.452
189.939
190.450
190.938
191.449
191.936
192.447
192.935
193.445
193.933
194.444
