0.464
0.627
0.743
1.974
2.415
2.624
3.297
3.808
4.040
4.249
4.458
4.714
4.946
5.178
5.364
5.619
5.898
5.944
6.060
6.339
6.618
6.803
6.989
7.105
7.500
7.732
7.941
8.173
8.429
8.638
8.870
9.358
9.520
9.822
10.008
10.519
10.751
11.192
11.355
11.587
11.819
11.935
12.190
12.353
12.585
13.050
13.189
13.491
13.723
14.396
15.348
15.581
15.790
16.509
16.742
16.974
17.183
17.438
17.670
17.810
18.112
18.344
18.576
18.715
18.808
19.017
19.273
19.505
19.737
19.946
20.201
20.434
20.666
20.875
21.107
21.339
21.478
21.804
22.036
22.268
22.500
22.709
22.965
23.197
23.429
23.661
23.893
24.102
24.358
24.567
24.799
25.031
25.496
25.751
25.960
26.192
26.401
26.657
26.889
27.121
27.353
27.585
27.818
28.050
28.189
28.282
28.491
28.746
28.979
29.187
29.443
29.838
30.116
30.348
30.581
30.836
31.045
31.277
31.509
31.718
31.951
32.183
32.438
32.670
32.879
33.344
33.483
33.808
34.040
34.273
34.505
34.714
34.969
35.155
35.225
35.434
35.619
35.898
36.130
36.386
36.571
36.804
37.036
37.291
37.500
37.709
37.756
37.965
38.197
38.429
38.661
38.893
39.126
39.335
39.590
39.938
40.147
40.263
40.519
40.658
40.751
40.960
41.169
41.424
41.657
41.889
42.098
42.307
42.376
42.585
42.771
42.910
43.027
43.259
43.630
43.816
43.862
43.955
44.211
44.420
44.536
44.838
45.116
45.372
45.604
45.813
46.045
46.277
46.510
46.719
46.951
47.206
47.415
47.647
47.903
47.949
48.112
48.228
48.460
48.576
48.808
49.064
49.273
49.482
49.714
49.760
49.969
50.132
50.225
50.411
50.643
50.875
51.130
51.339
51.572
51.757
51.897
52.036
52.222
52.268
52.500
52.733
52.965
53.174
53.429
53.638
53.894
54.126
54.358
54.590
55.031
55.263
55.472
55.635
55.751
55.960
56.192
56.424
56.657
56.889
57.098
57.353
57.539
57.818
58.050
58.282
58.491
58.723
58.979
59.188
59.559
59.652
59.884
60.116
60.349
60.604
60.813
61.068
61.301
61.486
61.695
61.742
61.974
62.113
62.415
62.671
62.903
63.135
63.344
63.576
63.808
63.994
64.064
64.250
64.505
64.737
64.969
65.178
65.411
65.666
65.898
66.107
66.339
66.572
66.711
66.804
67.036
67.268
67.500
67.733
67.965
68.197
68.406
68.661
68.894
69.126
69.358
69.474
69.590
69.799
70.055
70.287
70.426
70.519
70.728
70.960
71.216
71.401
71.657
71.889
72.098
72.400
72.586
72.818
73.050
73.282
73.491
73.747
74.048
74.304
74.420
74.722
75.000
75.372
75.604
75.813
76.069
76.278
76.510
76.742
76.881
77.183
77.439
77.648
77.787
77.903
78.089
78.344
78.576
78.809
79.018
79.273
79.505
79.761
79.946
80.179
80.434
80.550
80.875
81.131
81.340
81.572
81.781
82.036
82.268
82.500
82.733
82.965
83.174
83.429
83.661
83.894
84.103
84.335
84.567
84.822
85.031
85.264
85.403
85.473
85.728
85.960
86.192
86.425
86.657
86.889
87.121
87.261
87.353
87.562
87.818
88.027
88.236
88.514
88.723
88.956
89.165
89.420
89.652
89.908
90.117
90.349
90.581
90.836
91.045
91.278
91.510
91.672
91.951
92.206
92.415
92.555
92.671
92.857
93.112
93.344
93.576
93.809
94.041
94.273
94.528
94.714
94.946
95.202
95.341
95.643
95.898
96.107
96.340
96.549
96.804
97.059
97.268
97.501
97.733
97.942
98.197
98.429
98.662
98.894
99.126
99.335
99.590
99.799
100.032
100.241
100.496
100.728
100.984
101.193
101.425
101.657
101.889
102.121
102.330
102.586
103.027
103.282
103.515
103.956
104.188
104.420
104.676
104.908
105.140
105.372
105.628
105.790
105.976
106.138
106.440
106.672
106.998
107.207
107.439
107.624
107.671
107.903
108.135
108.368
108.623
108.785
109.041
109.227
109.436
109.482
109.714
109.807
110.109
110.225
110.411
110.643
110.899
111.107
111.340
111.572
111.827
112.268
112.431
112.524
112.640
112.756
112.988
113.197
113.383
113.476
113.662
113.801
113.964
114.126
114.381
114.521
114.637
114.823
115.032
115.287
115.589
115.751
115.937
116.239
116.402
116.495
116.843
117.029
117.145
117.447
117.795
118.050
118.166
118.259
118.399
118.584
118.677
118.909
119.165
119.351
119.490
119.699
119.931
120.117
120.349
120.581
120.790
121.069
121.301
121.440
121.510
121.742
121.789
121.951
122.137
122.416
122.648
122.880
123.135
123.344
123.577
123.809
123.971
124.250
124.505
124.738
124.970
125.179
125.457
125.643
125.829
126.015
126.108
126.340
126.595
126.804
127.036
127.292
127.524
127.756
127.965
128.197
128.383
128.430
128.662
128.894
129.126
129.196
129.358
129.521
129.800
130.032
130.264
130.496
130.728
130.961
131.193
131.286
131.425
131.564
131.657
131.866
132.145
132.354
132.586
132.818
132.865
133.027
133.166
133.283
133.445
133.538
134.095
134.281
134.444
134.653
134.885
135.140
135.349
135.581
135.814
135.953
136.069
136.255
136.510
136.742
136.975
137.183
137.416
137.671
137.834
137.903
138.112
138.344
138.577
138.809
139.018
139.250
139.505
139.714
139.947
140.179
140.411
140.643
140.875
141.108
141.363
141.572
141.804
142.036
142.245
142.501
142.733
142.965
143.197
143.314
143.430
143.662
143.894
144.126
144.266
144.358
144.567
144.800
145.055
145.264
145.496
145.728
145.961
146.216
146.425
146.657
146.889
147.122
147.354
147.586
147.818
147.934
148.236
148.515
148.793
149.002
149.211
149.444
149.653
149.908
150.117
150.349
150.581
150.744
151.046
151.278
151.487
151.626
151.742
151.928
151.975
152.184
152.439
152.648
152.880
153.112
153.345
153.600
153.786
154.018
154.273
154.413
154.715
154.970
155.179
155.434
155.643
155.876
156.131
156.363
156.572
156.804
157.037
157.292
157.501
157.733
157.965
158.174
158.407
158.662
158.871
159.126
159.312
159.568
159.800
160.055
160.264
160.496
160.729
160.961
161.100
161.193
161.402
161.657
161.890
162.099
162.354
162.586
162.795
162.911
163.027
163.283
163.492
163.747
163.886
164.444
164.699
164.885
165.117
165.349
165.512
165.814
166.046
166.278
166.394
166.510
166.719
166.951
167.207
167.439
167.648
167.903
168.112
168.368
168.554
168.786
169.041
169.181
169.482
169.738
169.947
170.202
170.411
170.643
170.899
171.108
171.340
171.595
171.804
172.060
172.292
172.431
172.733
172.965
173.174
173.430
174.103
174.173
174.382
174.614
174.846
175.032
175.287
175.496
175.729
175.961
176.170
176.425
176.657
176.866
177.122
177.308
177.586
177.795
178.051
178.260
178.515
178.724
178.956
179.165
180.396
180.651
181.023
181.348
181.580
182.230
182.834
183.020
183.298
183.461
183.670
183.786
183.925
184.065
184.552
184.970
185.226
185.435
185.899
186.201
186.642
186.944
187.292
187.455
187.942
188.151
188.476
188.801
188.941
189.428
189.939
190.288
190.427
190.659
190.775
190.938
191.216
191.425
191.704
191.913
192.424
192.911
193.167
193.260
193.376
193.538
193.678
193.887
194.142
194.467
