0.000
0.932
0.809
0.850
0.947
0.868
0.914
0.924
0.965
0.972
0.962
0.959
0.905
0.935
0.889
0.967
0.897
0.867
0.952
0.895
0.917
0.882
0.937
0.856
0.838
0.950
0.876
0.964
0.965
0.950
0.959
0.962
0.980
0.947
0.936
0.962
0.995
0.949
0.912
0.964
0.984
0.952
0.933
0.980
0.980
0.971
0.874
0.963
0.985
0.949
0.955
0.977
0.991
0.941
0.937
0.953
0.991
0.950
0.956
0.953
0.987
0.946
0.926
0.960
0.984
0.957
0.951
0.937
0.996
0.953
0.935
0.967
0.987
0.975
0.938
0.976
0.993
0.952
0.929
0.972
0.997
0.957
0.913
0.971
0.987
0.953
0.879
0.959
0.993
0.969
0.914
0.968
0.995
0.943
0.852
0.969
0.985
0.961
0.921
0.947
0.995
0.944
0.969
0.970
0.985
0.960
0.933
0.986
0.998
0.958
0.915
0.959
0.990
0.946
0.920
0.962
0.995
0.968
0.948
0.952
0.995
0.960
0.953
0.965
0.991
0.962
0.915
0.962
0.989
0.959
0.866
0.950
0.994
0.945
0.947
0.967
0.983
0.943
0.890
0.986
0.995
0.959
0.917
0.976
0.997
0.964
0.909
0.960
0.981
0.955
0.879
0.966
0.995
0.951
0.930
0.954
0.986
0.951
0.911
0.975
0.939
0.941
0.933
0.959
0.988
0.951
0.896
0.964
0.988
0.943
0.935
0.986
0.981
0.964
0.857
0.960
0.979
0.964
0.937
0.956
0.992
0.967
0.955
0.958
0.989
0.957
0.922
0.962
0.990
0.955
0.881
0.955
0.978
0.952
0.930
0.948
0.988
0.940
0.896
0.963
0.988
0.951
0.929
0.977
0.983
0.968
0.872
0.963
0.983
0.957
0.939
0.953
0.996
0.962
0.954
0.965
0.989
0.954
0.940
0.964
0.984
0.976
0.911
0.980
0.982
0.953
0.923
0.938
0.992
0.927
0.892
0.947
0.979
0.938
0.924
0.981
0.957
0.919
0.909
0.942
0.949
0.928
0.924
0.943
0.966
0.929
0.892
0.942
0.972
0.925
0.911
0.937
0.923
0.950
0.902
0.924
0.906
0.916
0.891
0.956
0.994
0.976
0.960
0.981
0.990
0.958
0.911
0.984
0.987
0.978
0.960
0.972
0.986
0.954
0.963
0.962
0.993
0.958
0.965
0.951
0.989
0.954
0.892
0.965
0.984
0.948
0.952
0.974
0.890
0.949
0.932
0.964
0.990
0.951
0.947
0.968
0.993
0.943
0.889
0.986
0.991
0.964
0.916
0.982
1.000
0.962
0.908
0.960
0.983
0.953
0.881
0.971
0.992
0.954
0.941
0.956
0.989
0.947
0.907
0.974
0.917
0.919
0.912
0.952
0.989
0.950
0.881
0.967
0.988
0.956
0.949
0.979
0.976
0.948
0.848
0.964
0.991
0.951
0.977
0.974
0.990
0.961
0.946
0.952
0.991
0.948
0.962
0.947
0.982
0.936
0.900
0.974
0.977
0.963
0.932
0.964
0.983
0.950
0.901
0.961
0.990
0.954
0.954
0.976
0.987
0.971
0.863
0.973
0.991
0.963
0.962
0.971
0.905
0.920
0.927
0.964
0.985
0.942
0.957
0.962
0.986
0.970
0.926
0.969
0.976
0.960
0.939
0.919
0.968
0.868
0.840
0.905
0.953
0.957
0.970
0.935
0.971
0.964
0.992
0.973
0.924
0.983
0.988
0.901
0.964
0.924
0.975
0.874
0.909
0.907
0.960
0.893
0.970
0.862
0.973
0.932
0.909
0.874
0.961
0.882
