336
349
2
302
357
2
216
41
17
2
1
3
3
0
0
35
1
1
10
4
1
28
26
20
28
18
0
14
0
8
24
2
8
25
2
37
51
0
25
53
6
14
47
0
0
53
30
0
4
20
24
0
50
0
14
0
50
0
29
17
36
18
42
47
0
0
33
14
0
30
0
41
41
41
1
0
55
0
15
28
24
9
0
35
35
1
1
0
0
1
30
0
0
26
1
36
37
28
37
14
0
32
50
0
2
8
50
0
20
27
52
53
31
0
0
0
0
3
0
4
0
50
0
56
2
31
0
33
26
41
1
47
0
33
1
9
0
31
50
0
38
47
0
43
1
1
47
29
35
33
1
0
25
31
50
0
54
37
0
23
0
47
0
52
2
47
34
1
42
5
40
16
16
0
4
35
4
0
48
40
2
2
3
0
48
40
17
2
35
11
0
5
34
13
42
4
0
13
0
55
0
30
0
55
0
0
56
26
37
24
46
0
21
2
30
0
0
20
36
15
20
10
21
46
50
0
48
37
9
0
12
0
2
32
0
55
0
2
6
1
17
46
0
33
25
1
25
4
27
0
20
0
13
0
19
0
0
16
42
19
0
4
0
20
30
0
50
0
15
4
1
30
0
4
20
1
9
0
16
0
29
1
40
2
5
13
0
1
0
35
34
31
0
34
1
42
17
5
0
0
42
52
2
2
0
1
1
16
0
0
47
0
14
53
4
26
50
0
15
47
0
30
0
8
15
25
4
8
26
26
32
15
36
47
0
55
0
2
2
14
50
0
14
20
0
18
0
55
0
41
30
0
18
50
0
0
0
2
13
0
7
0
2
3
