0.070
0.557
1.045
1.533
2.020
2.531
3.042
3.529
4.017
4.528
5.016
5.503
5.991
6.478
6.966
7.454
7.941
8.452
8.940
9.427
9.915
10.403
10.890
11.401
11.889
12.376
12.864
13.351
13.862
14.327
14.814
15.302
15.813
16.300
16.788
17.299
17.786
18.274
18.762
19.249
19.760
20.248
20.735
21.223
21.711
22.198
22.709
23.197
23.684
24.172
24.660
25.147
25.658
26.146
26.633
27.121
27.609
28.119
28.607
29.071
29.582
30.093
30.581
31.068
31.556
32.044
32.531
33.042
33.530
34.017
34.505
34.992
35.480
35.991
36.479
36.966
37.454
37.941
38.452
38.940
39.427
39.915
40.403
40.890
41.401
41.889
42.376
42.864
43.352
43.839
44.350
44.815
45.302
45.813
46.301
46.788
47.276
47.787
48.274
48.762
49.273
49.760
50.248
50.736
51.223
51.711
52.222
52.709
53.197
53.685
54.172
54.660
55.171
55.658
56.146
56.633
57.144
57.632
58.120
58.607
59.095
59.582
60.070
60.581
61.068
61.556
62.044
62.531
63.042
63.530
64.017
64.505
64.993
65.480
65.968
66.479
66.966
67.454
67.942
68.429
68.940
69.404
69.915
70.403
70.891
71.378
71.889
72.377
72.864
73.352
73.863
74.350
74.838
75.326
75.813
76.301
76.788
77.299
77.787
78.274
78.762
79.250
79.761
80.248
80.736
81.223
81.711
82.175
82.686
83.081
83.499
83.940
84.428
84.915
85.403
85.891
86.401
86.889
87.377
87.864
88.352
88.840
89.350
89.838
90.326
90.813
91.301
91.788
92.276
92.764
93.251
93.762
94.250
94.691
95.132
95.573
96.015
96.479
96.967
97.454
97.942
98.453
98.917
99.428
99.939
100.426
100.914
101.402
101.889
102.377
102.864
103.352
103.863
104.350
104.838
105.326
105.813
106.324
106.812
107.299
107.787
108.275
108.762
109.273
109.761
110.248
110.713
111.224
111.711
112.199
112.686
113.197
113.685
114.173
114.660
115.171
115.659
116.146
116.634
117.098
117.586
118.073
118.608
119.095
119.583
120.070
120.558
121.046
121.533
122.044
122.532
123.019
123.530
124.018
124.505
124.993
125.481
125.968
126.479
126.967
127.454
127.965
128.453
128.940
129.428
129.916
130.403
130.891
131.379
131.843
132.377
132.865
133.352
133.840
134.351
134.815
135.326
135.814
136.301
136.789
137.300
137.810
138.275
138.762
139.273
139.738
140.225
140.736
141.224
141.711
142.199
142.687
143.197
143.685
144.173
144.684
145.171
145.659
146.146
146.634
147.145
147.632
148.120
148.608
149.095
149.583
150.094
150.581
151.069
151.557
152.067
152.555
153.043
153.530
154.018
154.552
155.016
155.504
155.992
156.479
156.990
157.455
157.942
158.430
158.941
159.451
159.939
160.427
160.938
161.402
161.866
162.354
162.865
163.376
163.863
164.351
164.838
165.326
165.814
166.301
166.812
167.300
167.787
168.298
168.786
169.273
169.761
170.249
170.736
171.224
171.712
172.222
172.710
173.198
173.685
174.173
174.660
175.148
175.659
176.147
176.634
177.145
177.633
178.120
178.608
179.096
179.583
180.071
180.558
181.069
181.557
182.044
182.532
183.043
183.531
184.018
184.506
184.993
185.481
185.992
186.479
186.967
187.455
187.942
188.430
188.941
189.428
189.916
190.404
190.891
191.379
191.890
192.377
192.865
193.353
193.863
194.351
194.839
195.326
195.814
196.301
196.812
197.300
197.788
198.275
198.763
199.250
199.738
200.226
200.737
201.224
201.712
202.223
202.710
203.198
203.685
204.173
204.661
205.172
205.659
206.147
206.658
207.192
207.656
208.144
208.655
209.165
209.607
210.071
