1.000
2.000
4.000
8.081
9.218
10.356
10.519
11.540
12.678
13.816
14.373
14.536
14.930
15.650
16.068
16.231
16.393
17.206
17.369
17.810
17.972
18.344
18.530
19.110
19.505
19.667
20.248
20.666
20.944
22.082
23.243
23.708
24.242
24.404
24.799
25.217
25.937
26.355
26.517
27.098
27.492
27.818
28.235
28.653
29.791
30.070
31.231
31.509
31.695
31.811
32.067
32.253
32.392
32.647
32.972
33.228
33.530
33.785
34.110
34.249
34.366
34.667
34.923
35.248
35.503
35.805
36.084
36.386
36.641
36.943
37.222
37.523
37.779
38.104
38.359
38.661
38.940
39.242
39.497
39.799
40.078
40.380
40.635
40.960
41.215
41.517
41.796
42.098
42.353
42.655
42.934
43.236
43.514
43.816
44.071
44.373
44.652
44.954
45.209
45.511
45.790
46.092
46.370
46.672
46.951
47.229
47.508
47.810
48.089
48.390
48.646
48.971
49.087
49.226
49.389
49.528
49.784
50.085
50.248
50.364
50.921
51.223
51.386
51.502
51.804
52.059
52.384
52.663
52.941
53.220
53.522
53.777
54.102
54.358
54.660
54.915
55.240
55.496
55.798
56.076
56.378
56.633
56.959
57.214
57.516
57.794
58.073
58.375
58.654
58.816
58.932
59.257
59.397
59.513
59.815
60.070
60.372
60.651
60.952
61.208
61.510
61.788
62.090
62.369
62.671
62.926
63.228
63.507
63.808
63.971
64.087
64.389
64.644
64.946
65.225
65.503
65.782
66.084
66.363
66.641
66.920
67.222
67.500
67.802
68.081
68.383
68.638
68.940
69.195
69.521
69.776
70.078
70.356
70.658
70.937
71.285
71.494
71.819
72.075
72.377
72.655
72.957
73.096
73.213
73.398
73.538
73.793
74.095
74.374
74.675
74.931
75.233
75.511
75.697
75.813
76.951
77.230
77.392
77.531
77.671
77.787
77.949
78.112
78.367
78.669
78.925
79.226
79.505
79.784
79.946
80.086
80.387
80.643
80.945
81.223
81.525
81.781
82.083
82.361
82.663
82.942
83.174
83.267
83.499
83.801
84.079
84.381
84.637
84.939
85.217
85.519
85.798
86.100
86.355
86.657
86.819
86.936
87.237
87.493
87.795
88.073
88.375
88.654
88.956
89.234
89.536
89.792
90.093
90.372
90.651
90.929
91.231
91.394
91.510
91.788
92.067
92.369
92.648
92.949
93.228
93.507
93.785
94.087
94.366
94.645
94.923
95.225
95.504
95.806
96.061
96.363
96.641
96.943
97.222
97.524
97.779
98.081
98.360
98.662
98.917
99.219
99.498
99.799
100.078
100.380
100.635
100.937
101.216
101.518
101.796
102.098
102.354
102.655
102.934
103.236
103.515
103.793
104.072
104.374
104.652
104.954
105.210
105.511
105.790
106.092
106.371
106.649
106.928
107.230
107.508
107.787
108.066
108.368
108.646
108.948
109.203
109.505
109.784
110.086
110.364
110.666
110.829
110.945
111.224
111.525
111.804
111.967
112.083
112.245
112.385
112.640
112.942
113.220
113.522
113.778
114.103
114.358
114.660
114.939
115.241
115.496
115.798
116.077
116.378
116.541
116.657
116.936
117.214
117.516
117.795
118.097
118.375
118.677
118.933
119.234
119.490
119.792
119.954
120.070
120.372
120.651
120.953
121.092
121.208
121.510
121.789
122.091
122.369
122.671
122.926
123.228
123.507
123.809
124.087
124.389
124.645
124.947
125.225
125.504
125.806
126.084
126.363
126.665
126.943
127.245
127.501
127.803
128.081
128.383
128.639
128.964
129.219
129.521
129.660
129.823
129.962
130.125
130.380
130.519
130.728
131.541
131.680
132.075
132.238
132.656
132.818
132.934
133.375
133.793
134.095
134.374
134.954
135.094
135.488
136.069
136.231
137.230
137.392
138.670
