196
207
2
122
179
1
48
37
0
0
4
0
0
0
35
0
1
7
1
0
0
4
1
3
1
4
17
0
4
2
13
29
1
3
0
4
16
27
0
15
4
0
23
28
0
3
1
2
0
40
0
0
13
25
0
0
0
20
4
41
0
9
14
0
30
26
0
8
1
23
26
0
36
1
36
32
37
15
0
6
18
18
0
8
28
25
0
36
26
0
1
0
14
0
30
0
4
36
20
14
0
41
0
26
0
4
26
0
23
1
1
1
27
0
20
26
0
36
0
0
32
1
41
0
8
23
0
26
0
4
20
36
4
2
25
0
36
2
2
26
0
31
0
8
41
0
1
26
0
25
0
36
2
9
9
30
30
1
15
2
20
26
0
18
28
31
0
27
0
28
41
0
1
0
31
37
36
2
26
0
36
9
9
25
0
2
0
0
9
0
41
0
24
37
15
1
26
0
14
0
14
0
12
0
37
1
0
11
24
4
41
0
33
0
0
2
4
7
25
0
27
0
11
42
22
0
4
