0.330
0.197
0.218
0.214
0.255
0.226
0.190
0.545
0.451
0.564
0.711
0.456
0.485
0.342
0.625
0.424
0.574
0.465
0.590
0.456
0.379
0.477
0.487
0.476
0.413
0.523
0.416
0.454
0.540
0.552
0.704
0.573
0.384
0.381
0.467
0.407
0.545
0.514
0.521
0.377
0.516
0.461
0.615
0.390
0.460
0.564
0.470
0.452
0.521
0.519
0.415
0.594
0.505
0.471
0.501
0.513
0.511
0.487
0.601
0.474
0.477
0.494
0.501
0.524
0.467
0.492
0.603
0.474
0.489
0.526
0.483
0.484
0.508
0.503
0.604
0.472
0.481
0.503
0.507
0.484
0.675
0.541
0.492
0.527
0.543
0.495
0.498
0.558
0.558
0.492
0.575
0.585
0.544
0.761
0.528
0.517
0.569
0.735
0.487
0.528
0.524
0.528
0.619
0.570
0.506
0.505
0.515
0.529
0.510
0.536
0.564
0.512
0.594
0.486
0.559
0.552
0.567
0.555
0.549
0.545
0.530
0.584
0.526
0.547
0.526
0.519
0.567
0.557
0.539
0.581
0.487
0.465
0.456
0.494
0.472
0.501
0.467
0.526
0.575
0.467
0.480
0.484
0.503
0.511
0.493
0.461
0.594
0.484
0.453
0.522
0.468
0.488
0.509
0.536
0.602
0.482
0.481
0.563
0.464
0.474
0.619
0.487
0.492
0.486
0.508
0.518
0.486
0.533
0.508
0.504
0.543
0.518
0.513
0.513
0.533
0.512
0.532
0.538
0.531
0.519
0.496
0.514
0.496
0.498
0.505
0.512
0.541
0.533
0.525
0.521
0.567
0.504
0.543
0.491
0.475
0.492
0.471
0.501
0.594
0.497
0.441
0.496
0.529
0.508
0.486
0.480
0.574
0.448
0.461
0.544
0.477
0.486
0.492
0.526
0.582
0.455
0.477
0.553
0.530
0.502
0.641
0.529
0.504
0.506
0.531
0.507
0.451
0.349
0.426
0.325
0.433
0.252
0.521
0.326
0.256
0.185
0.225
0.299
0.448
0.346
