21
45
2
95
151
1
35
7
0
3
0
0
0
13
0
2
1
1
3
1
0
4
3
3
4
0
0
1
1
0
2
10
0
1
3
1
7
4
43
0
42
1
42
32
9
16
1
0
0
1
40
0
13
1
9
27
0
0
36
0
8
47
25
0
4
30
47
1
37
0
4
20
56
50
47
47
15
54
41
0
36
26
0
1
47
51
0
2
41
50
37
18
30
25
0
0
0
24
36
47
47
1
15
2
47
1
36
9
0
31
15
0
41
50
14
50
47
47
1
27
0
0
48
0
53
0
0
28
52
50
18
1
41
0
24
47
26
0
20
30
50
51
47
26
0
0
1
30
14
51
18
26
0
1
33
0
1
50
26
0
41
50
1
30
0
30
1
27
0
11
47
27
0
50
50
1
1
15
56
0
47
37
0
18
1
52
0
47
1
30
50
27
51
0
18
15
1
41
0
45
0
15
36
0
9
52
50
26
0
20
52
52
52
50
18
51
52
0
0
3
52
42
28
10
51
24
1
9
40
0
