186
215
2
345
148
1
22
0
0
16
0
2
0
4
40
40
4
29
29
51
0
1
23
0
14
42
3
0
2
3
42
21
24
2
4
3
42
0
1
28
17
4
0
3
42
21
3
0
2
3
0
12
9
0
4
1
3
0
21
0
4
50
0
1
41
4
15
2
28
0
51
0
8
14
4
14
27
2
14
30
0
28
15
4
28
36
52
31
0
34
4
25
6
52
53
12
25
4
53
24
51
0
27
24
0
20
18
0
36
37
26
8
47
0
0
26
30
0
0
1
47
0
2
4
4
26
1
1
41
14
11
50
0
4
4
37
1
18
0
4
4
56
0
0
50
0
50
0
8
14
2
0
0
0
26
41
1
47
0
0
4
1
37
50
0
39
0
41
19
0
1
0
39
0
36
0
1
50
0
0
0
18
0
19
0
30
0
50
0
55
0
15
0
19
50
0
36
1
1
0
18
0
37
50
0
0
2
56
2
38
49
0
1
0
8
0
0
23
0
24
51
0
1
52
21
32
52
56
51
0
24
2
25
2
2
25
31
52
8
30
0
8
0
4
14
15
14
37
41
36
0
36
4
26
47
0
0
2
20
1
0
6
52
56
56
1
26
56
56
26
56
0
18
0
8
36
1
47
0
26
15
37
37
1
28
51
0
34
29
29
32
0
32
52
2
0
0
0
0
4
4
17
10
25
1
1
28
7
29
23
0
48
9
0
52
53
24
1
51
0
46
52
53
25
48
9
0
53
52
21
4
4
1
26
14
30
0
0
18
0
47
0
14
18
0
30
0
55
0
20
1
26
50
0
1
50
0
33
47
0
26
18
0
20
14
4
37
41
15
8
14
0
50
0
15
4
4
15
2
37
1
