172
184
1
408
2
199
121
5
4
4
2
4
4
0
0
52
0
2
13
0
1
13
51
0
12
9
0
9
0
1
50
0
50
0
47
0
2
3
15
37
1
50
0
50
0
36
1
27
25
26
0
37
25
53
27
25
4
40
16
0
36
1
29
13
37
9
0
37
26
15
36
4
51
0
27
0
22
11
51
0
27
29
10
4
14
4
37
25
8
1
25
11
50
0
8
50
0
25
12
0
18
0
31
37
0
56
0
55
0
1
51
0
0
0
1
0
0
4
0
0
9
37
9
0
23
0
23
37
28
41
19
41
31
50
0
41
0
36
38
8
9
0
1
17
8
0
5
0
1
51
0
20
9
0
0
26
32
17
1
51
0
37
28
24
30
0
22
25
16
7
0
13
13
52
0
34
0
52
4
1
1
10
0
2
4
2
32
13
0
1
17
10
0
40
0
1
29
2
17
37
15
47
0
32
0
15
20
15
46
0
46
0
21
23
37
51
0
8
47
0
20
0
14
0
40
11
51
0
0
33
9
0
2
0
53
21
22
9
37
25
34
13
51
0
31
51
0
1
1
50
0
45
0
37
0
10
19
41
35
42
38
34
0
50
50
0
37
41
36
0
37
29
15
32
37
1
7
52
0
2
0
2
13
10
43
3
0
34
22
34
34
40
42
2
2
3
7
29
17
5
4
2
25
0
0
37
15
4
31
50
0
41
2
53
14
14
30
37
0
1
9
0
50
50
0
55
0
1
24
14
4
2
30
0
1
0
36
26
4
1
41
0
0
50
0
0
36
20
18
0
1
36
0
3
52
7
3
0
1
