109
137
1
87
2
191
67
38
52
0
5
0
0
2
2
2
3
4
3
0
1
4
4
0
4
1
0
3
1
4
4
1
1
3
3
1
4
4
52
0
2
0
1
2
5
34
0
4
3
1
35
3
29
0
40
0
24
0
28
32
1
1
2
7
46
28
9
51
51
40
0
25
21
51
24
0
48
51
28
1
0
45
51
51
0
0
0
15
31
0
1
11
27
18
0
2
32
25
0
14
25
0
45
0
25
51
17
0
51
1
16
0
1
33
4
14
28
9
27
50
15
0
32
4
18
41
36
0
8
1
36
0
20
14
30
30
47
1
0
0
0
0
50
0
18
14
0
34
17
37
4
36
0
37
26
50
1
50
18
0
8
36
41
14
47
41
30
41
26
0
30
14
41
37
14
1
37
26
0
19
52
0
39
1
4
8
15
0
36
0
50
50
0
47
24
0
0
7
2
17
16
0
3
52
29
0
0
7
3
17
0
7
2
7
3
16
0
5
4
52
29
0
43
0
0
3
0
13
4
3
0
