0.000
0.575
0.549
0.565
0.587
0.552
0.553
0.609
0.624
0.557
0.561
0.585
0.584
0.566
0.411
0.811
0.785
0.776
0.712
0.771
0.703
0.774
0.807
0.815
0.799
0.845
0.871
0.847
0.861
0.852
0.630
0.570
0.822
0.782
0.777
0.794
0.787
0.846
0.820
0.789
0.802
0.739
0.765
0.782
0.772
0.783
0.814
0.848
0.849
0.871
0.849
0.853
0.853
0.855
0.847
0.839
0.769
0.766
0.789
0.783
0.000
0.612
0.539
0.684
0.878
0.859
0.816
0.947
0.736
0.994
0.859
0.939
0.858
0.900
0.811
0.806
0.852
0.888
0.834
0.897
0.767
0.877
0.768
0.857
0.767
0.836
0.796
0.874
0.826
0.851
0.862
0.000
0.000
0.076
0.000
0.870
0.807
0.850
0.852
0.874
0.852
0.851
0.818
0.797
0.770
0.754
0.764
0.762
0.770
0.809
0.830
0.857
0.881
0.853
0.855
0.849
0.859
0.839
0.829
0.766
0.755
0.742
0.741
0.756
0.736
0.837
0.766
0.382
0.234
0.074
0.000
0.000
0.000
0.000
0.933
0.815
0.841
0.787
0.788
0.789
0.917
0.833
0.939
0.871
0.873
0.872
0.849
0.867
0.824
0.836
0.533
0.773
0.790
0.781
0.797
0.800
0.847
0.823
0.833
0.787
0.799
0.975
0.370
0.060
0.000
0.009
0.706
0.573
0.916
0.681
0.728
0.626
0.825
0.748
0.813
0.596
0.818
0.645
0.790
0.621
0.851
0.893
0.746
0.553
0.875
0.898
0.699
0.630
0.813
0.882
0.697
0.564
0.272
0.000
0.000
0.021
0.868
0.822
0.486
0.802
0.823
0.548
0.237
0.821
0.693
0.791
0.519
0.736
0.179
0.392
0.435
0.795
0.801
0.761
0.533
0.639
0.639
0.748
0.709
0.682
0.758
0.770
0.787
0.789
0.755
0.000
0.000
0.480
0.927
0.756
0.862
0.844
0.848
0.804
0.868
0.832
0.886
0.638
0.502
0.824
0.816
0.828
0.454
0.712
0.798
0.787
0.733
0.915
0.897
0.933
0.927
0.890
0.939
0.881
0.891
0.890
0.200
0.655
0.800
0.846
0.825
0.908
0.910
0.925
0.827
0.849
0.890
0.749
0.792
0.598
0.440
0.615
0.465
0.547
0.860
0.860
0.804
0.851
0.812
0.860
0.825
0.838
0.774
0.926
0.790
0.814
0.847
0.827
0.865
0.867
0.853
0.882
0.851
0.389
0.000
0.847
0.710
0.000
0.213
0.000
0.732
0.001
0.000
0.665
0.557
0.842
0.805
0.929
0.893
0.949
0.427
0.920
0.924
0.604
0.374
0.889
0.872
0.970
0.961
0.123
0.000
0.000
0.454
0.726
0.660
0.492
0.638
0.416
0.579
0.558
0.612
0.599
0.534
0.582
0.618
0.592
0.650
0.650
0.576
0.566
0.589
0.627
0.646
0.672
0.649
0.590
0.500
0.706
0.592
0.728
0.662
0.611
0.582
0.609
0.842
0.728
0.688
0.813
0.832
0.780
0.516
0.826
0.852
0.705
0.496
0.804
0.737
0.881
0.808
0.877
0.863
0.904
0.935
0.935
1.000
0.862
0.912
0.874
0.855
0.868
0.813
0.832
0.726
0.768
0.803
0.835
0.751
0.631
0.624
0.726
0.584
0.344
0.780
0.750
0.800
0.752
0.652
0.764
0.785
0.834
0.801
0.828
0.767
0.786
0.795
0.836
0.781
0.810
0.716
0.840
0.720
0.863
0.806
0.800
0.603
0.000
0.000
0.000
0.000
0.000
0.000
0.167
0.000
0.000
0.000
0.000
0.000
0.000
0.000
0.000
0.000
0.000
0.000
0.000
0.000
0.000
