0.070
12.957
13.096
14.164
14.303
14.466
15.348
15.511
15.650
15.813
15.952
17.740
17.903
19.110
19.249
22.082
22.686
23.290
25.170
25.704
29.907
31.417
31.556
31.695
31.997
32.160
32.601
32.903
33.205
33.971
34.412
35.318
35.619
36.804
49.250
49.714
50.155
50.457
77.160
87.655
94.412
120.953
121.115
122.160
122.300
122.462
122.903
123.344
123.507
124.111
124.854
125.457
125.759
125.899
127.106
127.245
127.710
128.151
128.313
128.453
128.917
129.660
130.101
130.543
130.705
131.309
131.750
132.052
132.656
132.957
133.097
133.259
134.908
135.349
135.512
135.651
136.557
136.696
136.858
137.462
137.741
137.903
138.043
138.205
