0.000
0.042
0.036
0.040
0.930
0.929
0.886
0.924
0.921
0.930
0.910
0.925
0.923
0.927
0.887
0.920
0.928
0.916
0.929
0.919
0.920
0.921
0.928
0.855
0.926
0.937
0.923
0.922
0.939
0.919
0.932
0.855
0.888
0.934
0.920
0.932
0.938
0.927
0.927
0.864
0.926
0.924
0.915
0.918
0.931
0.921
0.932
0.864
0.912
0.930
0.922
0.939
0.931
0.921
0.939
0.912
0.920
0.862
0.927
0.931
0.937
0.919
0.929
0.859
0.892
0.940
0.915
0.784
0.953
0.922
0.933
0.920
0.925
0.915
0.940
0.918
0.923
0.929
0.932
0.931
0.908
0.911
0.930
0.923
0.903
0.922
0.936
0.918
0.927
0.928
0.924
0.943
0.930
0.848
0.929
0.929
0.934
0.923
0.928
0.922
0.963
0.938
0.897
0.845
0.939
0.920
0.922
0.933
0.932
0.925
0.908
0.852
0.926
0.925
0.922
0.919
0.928
0.929
0.888
0.912
0.923
0.926
0.928
0.860
0.937
0.927
0.927
0.930
0.925
0.932
0.983
0.941
0.974
0.926
0.903
0.922
0.935
0.924
0.928
0.855
0.904
0.932
0.935
0.929
0.890
0.930
0.933
0.921
0.927
0.923
0.932
0.931
0.927
0.861
0.915
0.924
0.926
0.928
0.915
0.924
0.928
0.920
0.938
0.924
0.940
0.927
0.937
0.923
0.895
0.927
0.923
0.935
0.927
0.853
0.919
0.921
0.925
0.844
0.930
0.924
0.934
0.923
0.928
0.927
0.928
0.866
0.937
0.922
0.934
0.852
0.903
0.926
0.935
0.860
0.933
0.760
0.961
0.927
0.941
0.919
0.920
0.909
0.926
0.930
0.934
0.857
0.888
0.925
0.931
0.933
0.932
0.917
0.938
0.922
0.927
0.925
0.927
0.852
0.927
0.933
0.929
0.853
0.929
0.914
0.921
0.933
0.922
0.928
0.960
0.859
0.933
0.922
0.887
0.932
0.934
0.933
0.941
0.853
0.928
0.925
0.929
0.928
0.938
0.929
0.942
0.921
0.901
0.928
0.930
0.917
0.928
0.929
0.938
0.851
0.927
0.923
0.925
0.929
0.909
0.941
0.962
0.936
0.946
0.925
0.930
0.919
0.909
0.859
0.928
0.930
0.923
0.859
0.908
0.921
0.930
0.913
0.928
0.928
0.934
0.852
0.884
0.923
0.922
0.854
0.935
0.923
0.936
0.858
0.925
0.924
0.922
0.933
0.934
0.928
0.920
0.918
0.926
0.923
0.923
0.922
0.936
0.928
0.896
0.926
0.930
0.922
0.925
0.926
0.927
0.926
0.936
0.932
0.922
0.928
0.923
0.858
0.933
0.915
0.925
0.926
0.931
0.863
0.917
0.788
0.951
0.927
0.883
0.854
0.925
0.911
0.938
0.917
0.926
0.925
0.931
0.922
0.935
0.921
0.927
0.930
0.902
0.926
0.931
0.927
0.927
0.927
0.898
0.936
0.932
0.845
0.916
0.922
0.932
0.929
0.933
0.928
0.961
0.859
0.898
0.929
0.927
0.917
0.928
0.928
0.932
0.921
0.936
0.918
0.932
0.927
0.893
0.927
0.928
0.919
0.918
0.855
0.892
0.937
0.931
0.869
0.938
0.919
0.891
0.924
0.933
0.862
1.000
0.939
0.993
0.933
0.932
0.927
0.929
0.924
0.925
0.920
0.928
0.851
0.936
0.922
0.924
0.852
0.901
0.931
0.928
0.931
0.933
0.917
0.927
0.925
0.934
0.858
0.924
0.926
0.920
0.925
0.923
0.923
0.937
0.921
0.945
0.928
0.935
0.919
0.915
0.849
0.920
0.933
0.933
0.849
0.889
0.923
0.931
0.930
0.933
0.931
0.932
0.923
0.925
0.859
0.933
0.918
0.936
0.941
0.930
0.858
0.927
0.927
0.911
0.925
0.910
0.758
0.959
0.933
0.929
0.923
0.925
0.929
0.925
0.857
0.930
0.916
0.880
0.852
0.927
0.929
0.938
0.924
0.935
0.931
0.927
0.921
0.929
0.848
0.926
0.929
0.929
0.938
0.933
0.838
0.927
0.932
0.919
0.929
0.951
0.931
0.909
0.920
0.924
0.928
0.934
0.856
0.938
0.921
0.892
0.926
0.931
0.927
0.933
0.920
0.940
0.924
0.895
0.858
0.930
0.921
0.921
0.868
0.927
0.929
0.915
0.918
0.931
0.854
0.905
0.939
0.956
0.943
0.945
0.924
0.922
0.932
0.929
0.919
0.932
0.938
0.928
0.922
0.910
0.851
0.934
0.922
0.921
0.921
0.928
0.844
0.920
0.926
0.889
0.934
0.930
0.858
0.933
0.925
0.919
0.862
0.932
0.928
0.930
0.923
0.928
0.918
0.929
0.929
0.914
0.929
0.933
0.924
0.896
0.857
0.934
0.919
0.920
0.930
0.930
0.919
0.935
0.927
0.921
0.866
0.888
0.933
0.933
0.921
0.933
0.933
0.927
0.873
0.942
0.785
0.946
0.932
0.929
0.923
0.925
0.909
0.937
0.920
0.921
0.931
0.933
0.928
0.933
0.921
0.931
0.921
0.907
0.922
0.932
0.925
0.892
0.858
0.923
0.938
0.926
0.861
0.887
0.930
0.924
0.922
0.921
