0.402
0.526
0.012
0.014
0.103
0.591
0.384
0.060
0.405
0.277
0.272
0.807
0.042
0.089
0.414
0.056
0.498
0.640
0.682
0.088
0.359
0.247
0.422
0.792
0.474
0.044
0.380
0.295
0.435
0.651
0.496
0.054
0.408
0.274
0.237
0.790
0.222
0.062
0.409
0.342
0.514
0.597
0.607
0.707
0.699
0.477
0.320
0.804
0.529
0.029
0.361
0.332
0.476
0.827
0.583
0.032
0.377
0.281
0.184
0.865
0.377
0.047
0.678
0.236
0.508
0.573
0.348
0.120
0.390
0.226
0.222
0.806
0.098
0.103
0.439
0.062
0.425
0.617
0.665
0.549
0.665
0.485
0.839
0.829
0.494
0.236
0.368
0.332
0.464
0.638
0.492
0.031
0.387
0.298
0.221
0.791
0.188
0.072
0.404
0.166
0.492
0.636
0.221
0.052
0.431
0.273
0.152
0.815
0.554
0.401
0.359
0.354
0.449
0.656
0.578
0.000
0.398
0.346
0.208
0.825
0.596
0.689
0.420
0.273
0.484
0.581
0.361
0.056
0.409
0.282
0.629
0.794
0.063
0.096
0.436
0.097
0.446
0.618
0.684
0.572
0.372
0.273
0.152
0.794
0.470
0.047
0.380
0.294
0.450
0.673
0.485
0.032
0.387
0.312
0.253
0.766
0.494
0.460
0.401
0.772
0.532
0.616
0.271
0.023
0.419
0.264
0.151
0.804
0.494
0.096
0.341
0.352
0.466
0.637
0.597
0.006
0.375
0.292
0.184
0.812
0.387
0.022
0.363
0.281
0.479
0.605
0.381
0.325
0.394
0.274
0.276
0.806
0.070
0.111
0.661
0.109
0.589
1.000
0.662
0.395
0.352
0.311
0.178
0.805
0.469
0.041
0.383
0.406
0.426
0.669
0.505
0.113
0.362
0.273
0.393
0.784
0.599
0.059
0.440
0.181
0.509
0.612
0.264
0.069
0.419
0.256
0.158
0.789
0.507
0.096
0.356
0.376
0.432
0.839
0.557
0.829
0.713
0.394
0.228
0.843
0.414
0.033
0.390
0.217
0.515
0.560
0.417
0.044
0.396
0.274
0.280
0.771
0.098
0.075
0.437
0.079
0.504
0.648
0.678
0.094
0.349
0.239
0.168
0.820
0.477
0.007
0.376
0.291
0.519
0.660
0.511
0.021
0.677
0.664
0.893
0.775
0.348
0.171
0.391
0.155
0.506
0.589
0.236
0.069
0.442
0.247
0.280
0.771
0.530
0.011
0.374
0.161
0.471
0.634
0.606
0.032
0.383
0.253
0.183
0.857
0.413
0.649
0.402
0.209
0.480
0.606
0.398
0.084
0.382
0.333
0.759
0.818
0.424
0.711
0.463
0.116
0.546
0.615
0.671
0.015
0.345
0.249
0.180
0.807
0.467
0.020
0.363
0.297
0.479
0.624
0.543
0.129
0.365
0.278
0.228
0.754
0.230
0.047
0.392
0.161
0.486
0.580
0.276
0.083
0.427
0.238
0.318
0.800
0.541
0.634
0.280
0.742
0.476
0.616
0.578
0.017
0.349
0.292
0.214
0.806
0.380
0.051
0.393
0.253
0.538
0.585
0.378
0.076
0.402
0.245
0.281
0.821
0.073
0.083
0.425
0.094
0.531
0.614
0.672
0.426
0.354
0.245
0.146
0.815
0.531
0.565
0.338
0.357
0.446
0.952
0.562
0.358
0.402
0.292
0.241
0.784
0.278
0.044
0.390
0.171
0.504
0.581
0.263
0.108
0.424
0.294
0.663
0.828
0.521
0.096
0.369
0.026
0.491
0.635
0.617
0.027
0.384
0.267
0.214
0.814
0.389
0.026
0.361
0.465
0.482
0.597
0.387
0.592
0.747
0.471
0.326
0.783
0.137
0.011
0.424
0.082
0.520
0.794
0.692
0.070
0.330
0.281
0.184
0.825
0.470
0.000
0.707
0.338
0.457
0.663
0.550
0.042
0.382
0.286
0.231
0.749
0.285
0.071
0.376
0.128
0.516
0.609
0.291
0.555
0.841
0.440
0.841
0.775
0.560
0.155
0.336
0.374
0.474
0.624
0.606
0.115
0.364
0.235
0.208
0.825
0.420
0.061
0.391
0.263
0.501
0.571
0.405
0.039
0.400
0.307
0.221
0.821
0.104
0.065
0.454
0.085
0.528
0.616
0.697
0.035
0.382
0.251
0.513
0.801
0.748
0.727
0.398
0.249
0.515
0.616
0.540
0.045
0.365
0.287
0.577
0.753
0.252
0.082
0.393
0.155
0.532
0.584
0.273
0.567
0.403
0.256
0.252
0.807
0.530
0.009
0.341
0.314
0.521
0.665
0.617
0.050
0.363
0.351
0.210
0.812
0.392
0.579
0.797
0.719
0.474
0.583
0.444
0.128
0.396
0.287
0.257
0.780
0.110
0.072
0.408
0.070
0.471
0.605
0.701
0.123
0.347
0.260
0.173
0.795
0.479
0.026
0.381
0.331
0.441
0.617
0.526
0.047
0.365
0.283
0.221
0.718
0.311
0.073
0.374
0.441
0.649
0.987
0.538
0.360
0.407
0.264
0.284
0.776
0.540
0.003
0.342
0.355
0.493
0.641
0.610
0.025
0.383
0.295
0.431
0.789
0.621
0.013
0.367
0.261
0.487
0.600
0.412
0.036
0.413
0.249
0.258
0.801
0.102
0.084
0.391
0.339
0.603
0.813
0.900
0.642
0.784
0.515
0.315
0.871
0.498
0.041
0.367
0.332
0.494
0.634
0.520
0.007
0.384
0.305
0.256
0.771
0.285
0.087
0.412
0.182
0.481
0.622
0.339
0.087
0.428
0.250
0.291
0.760
0.570
0.093
0.359
0.306
0.480
0.649
0.588
0.085
0.690
0.331
0.862
0.824
0.412
0.243
0.356
0.278
0.527
0.584
0.395
0.089
0.396
0.290
0.241
0.770
0.139
0.079
0.413
0.223
0.522
0.632
0.712
0.084
0.328
0.303
0.194
0.824
0.462
0.651
0.363
0.280
0.445
0.664
0.506
0.024
0.352
0.321
0.582
0.609
0.572
0.710
0.454
0.211
0.531
0.583
0.276
0.029
0.425
0.253
0.272
0.828
0.564
0.011
0.317
0.170
0.463
0.644
0.640
0.143
0.393
0.294
0.200
0.799
0.364
0.064
0.390
0.268
0.517
0.586
0.480
0.059
0.396
0.265
0.241
0.785
0.131
0.324
0.608
0.815
0.577
0.430
0.280
0.039
