0.139
0.743
0.975
1.579
2.136
2.647
3.135
3.622
4.133
4.644
5.132
5.642
6.130
6.618
7.129
7.639
8.150
8.638
9.149
9.613
10.147
10.635
11.146
11.633
12.144
12.632
13.142
13.653
14.141
14.629
15.139
15.627
16.138
16.649
17.136
17.647
18.135
18.622
19.133
19.644
20.132
20.643
21.130
21.641
22.129
22.639
23.150
23.638
24.149
24.636
25.147
25.658
26.146
26.633
27.144
27.632
28.143
28.630
29.141
29.629
30.140
30.627
31.138
31.649
32.136
32.647
33.135
33.599
34.133
34.644
35.132
35.643
36.130
36.618
37.129
37.640
38.150
38.638
39.149
39.636
40.147
40.635
41.146
41.633
42.144
42.632
43.143
43.654
44.141
44.629
45.140
45.627
46.138
46.649
47.137
47.647
48.135
48.623
49.133
49.644
50.132
50.643
51.130
51.618
52.129
52.640
53.150
53.638
54.149
54.637
55.147
55.658
56.146
56.633
57.144
57.632
58.143
58.630
59.141
59.629
60.140
60.651
61.138
61.649
62.137
62.647
63.135
63.623
64.134
64.644
65.132
65.643
66.130
66.618
67.129
67.640
68.151
68.638
69.149
69.637
70.147
70.635
71.146
71.634
72.144
72.632
73.143
73.654
74.141
74.629
75.140
75.627
76.138
76.649
77.137
77.648
78.135
78.646
79.134
79.644
80.132
80.643
81.131
81.641
82.129
82.640
83.151
83.638
84.149
84.614
85.148
85.658
86.146
86.634
87.144
87.632
88.143
88.631
89.141
89.629
90.140
90.627
91.138
91.649
92.137
92.648
93.135
93.646
94.134
94.645
95.132
95.643
96.131
96.618
97.129
97.640
98.151
98.638
99.149
99.637
100.148
100.635
101.146
101.634
102.145
102.632
103.143
103.631
104.141
104.629
105.140
105.604
106.138
106.649
107.137
107.648
108.135
108.623
109.134
109.645
110.132
110.643
111.131
111.618
112.129
112.640
113.151
113.638
114.149
114.614
115.148
115.659
116.146
116.634
117.145
117.632
118.143
118.631
119.142
119.629
120.140
120.628
121.139
121.649
122.137
122.648
123.135
123.623
124.134
124.645
125.132
125.643
126.131
126.618
127.129
127.640
128.128
128.639
129.149
129.614
130.148
130.635
131.146
131.634
132.145
132.632
133.143
133.654
134.142
134.629
135.140
135.628
136.139
136.649
137.137
137.648
138.136
138.646
139.134
139.645
140.132
140.643
141.131
141.619
142.129
142.640
143.128
143.639
144.149
144.637
145.148
145.636
146.146
146.634
147.145
147.632
148.143
148.631
149.142
149.629
150.140
150.628
151.139
151.650
152.137
152.648
153.136
153.623
154.134
154.645
155.133
155.643
156.131
156.642
157.129
157.640
158.128
158.639
159.150
159.637
160.148
160.636
161.146
161.634
162.145
162.633
163.143
163.654
164.142
164.629
165.140
165.628
166.139
166.650
167.137
167.648
168.136
168.623
169.134
169.645
170.133
170.643
171.131
171.619
172.130
172.640
173.128
173.639
174.150
174.637
175.148
175.636
176.147
176.634
177.145
177.633
178.143
178.631
179.142
179.630
180.140
180.628
181.139
181.650
182.137
182.648
183.136
183.623
184.134
184.645
185.133
185.644
186.131
186.619
187.130
187.640
188.128
188.639
189.150
189.637
190.148
190.636
191.147
191.634
192.145
192.633
193.144
193.631
194.142
194.630
195.140
195.628
196.139
196.650
197.137
197.648
198.136
198.623
199.134
199.645
200.133
200.644
201.131
201.619
202.130
202.641
203.128
203.639
204.150
204.614
205.148
205.636
206.147
206.634
207.145
207.633
208.144
208.631
209.142
209.630
210.141
210.628
211.139
211.650
212.138
212.648
213.136
213.647
214.134
214.645
215.133
215.644
216.131
216.642
217.130
217.641
218.128
218.639
219.150
219.614
220.148
220.636
221.147
221.634
222.145
222.633
223.144
223.655
224.142
224.630
225.141
225.628
226.139
226.650
227.138
227.648
228.136
228.624
229.135
229.645
230.133
230.644
231.131
231.642
232.130
232.641
233.128
233.639
234.150
234.638
235.148
235.659
236.147
236.635
237.145
237.610
238.144
238.631
239.142
239.630
240.141
240.628
241.139
241.650
242.138
242.649
243.136
243.624
244.135
244.645
245.133
245.644
246.132
246.619
247.130
247.641
248.128
248.639
249.150
249.638
250.149
250.636
251.147
251.635
252.145
252.633
253.144
253.632
254.142
254.630
255.141
255.628
256.139
256.650
257.138
257.649
258.136
258.624
259.135
259.646
260.133
260.644
261.132
261.642
262.130
262.641
263.129
263.639
264.150
264.638
265.149
265.660
266.147
266.635
267.146
267.633
268.144
268.632
269.142
269.630
270.141
270.629
271.139
271.650
272.138
272.649
273.136
273.601
274.135
274.646
275.133
275.644
276.132
276.619
277.130
277.641
278.129
278.639
279.150
279.591
280.149
280.636
281.147
281.635
282.146
282.633
283.144
283.655
284.143
284.630
285.141
285.629
286.140
286.650
287.138
287.649
288.136
288.624
289.135
289.646
290.133
290.644
291.132
291.643
292.130
292.641
293.129
293.640
294.150
294.638
295.149
295.636
296.147
296.635
297.146
297.633
298.144
298.632
299.143
299.630
300.141
300.629
301.140
301.650
302.138
302.649
303.137
303.624
304.135
304.646
305.133
305.644
306.132
306.620
307.130
307.641
308.129
308.640
309.150
309.638
310.149
310.637
311.147
311.635
312.146
312.633
313.144
313.655
314.143
314.630
315.141
315.629
316.140
316.651
317.138
317.649
318.137
318.601
319.135
319.646
320.134
320.644
321.132
321.620
322.130
322.641
323.129
323.640
324.151
324.615
325.149
325.660
326.147
326.635
327.146
327.634
328.144
328.632
329.143
329.630
330.141
330.629
331.140
331.651
332.138
332.649
333.137
333.601
334.135
334.646
335.134
335.644
336.132
336.620
337.131
337.641
338.129
338.640
339.151
339.615
340.149
340.637
341.148
341.635
342.146
342.634
343.144
343.655
344.143
344.631
345.141
345.629
346.140
346.651
347.138
347.649
348.137
348.648
349.135
349.646
350.134
350.645
351.132
351.620
352.131
352.641
353.129
353.640
354.151
354.638
355.149
355.637
356.148
356.635
357.146
357.634
358.145
358.632
359.143
359.631
360.141
360.629
361.140
361.651
362.138
362.649
363.137
363.624
364.135
364.646
365.134
365.645
366.132
366.643
367.131
367.642
368.129
368.640
369.151
369.638
