0.186
0.789
1.393
1.974
2.577
2.902
3.181
3.785
4.087
4.389
4.714
4.992
5.294
5.573
5.921
6.200
6.502
6.780
7.384
7.686
7.988
8.313
8.591
8.893
9.172
9.520
9.799
10.101
10.379
10.983
11.169
11.308
11.587
11.912
12.190
12.492
12.794
13.119
13.398
13.700
13.978
14.582
14.907
15.186
15.511
15.790
16.091
16.393
16.718
16.858
16.997
17.299
17.578
18.181
18.506
18.785
19.110
19.389
19.691
19.992
20.294
20.596
20.921
21.200
21.362
21.525
21.641
21.804
22.384
22.988
23.313
23.591
23.917
24.195
24.497
24.776
25.379
25.704
25.983
26.308
26.587
26.912
27.191
27.516
27.794
28.096
28.375
28.723
28.979
29.304
29.582
30.186
30.372
30.511
30.790
31.115
31.393
31.695
31.974
32.322
32.578
32.903
33.181
33.506
33.785
34.087
34.389
34.714
34.992
35.294
35.434
35.596
35.921
36.061
36.200
36.502
36.780
37.384
37.686
37.988
38.313
38.592
38.893
39.033
39.195
39.520
39.636
39.799
40.101
40.403
40.705
40.867
41.587
42.191
42.493
42.794
43.119
43.398
43.700
43.979
44.582
44.907
45.186
45.511
45.790
46.092
46.393
46.719
46.997
47.299
47.578
48.181
48.483
48.785
49.110
49.389
49.551
49.714
49.993
50.318
50.596
50.898
51.177
51.780
52.106
52.384
52.709
52.988
53.290
53.592
53.917
54.195
54.497
54.637
54.776
55.380
55.705
55.983
56.308
56.587
56.889
57.191
57.516
57.794
58.096
58.375
58.700
58.979
59.304
59.582
60.186
60.790
61.394
61.695
61.974
62.322
62.578
62.903
63.181
63.507
63.785
64.087
64.389
64.714
64.993
65.318
65.573
65.921
66.177
66.502
66.781
67.106
67.384
67.686
67.988
68.313
68.592
68.894
69.172
69.521
69.799
70.101
70.380
70.983
71.308
71.587
71.912
72.191
72.493
72.795
73.120
73.398
73.700
73.839
73.979
74.443
74.582
74.908
75.186
75.511
75.790
76.092
76.394
76.719
76.997
77.299
77.439
77.578
77.926
78.065
78.135
78.205
78.483
78.785
79.110
79.250
79.389
79.993
80.596
80.898
81.177
81.525
81.781
82.106
82.384
82.709
82.988
83.290
83.592
83.917
84.196
84.497
84.776
85.380
85.705
85.983
86.587
86.889
87.191
87.516
87.795
88.120
88.375
88.723
88.863
89.002
89.304
89.583
89.908
90.186
90.488
90.790
91.115
91.394
91.696
91.974
92.323
92.578
92.903
93.182
93.646
93.785
94.087
94.389
94.714
94.993
95.295
95.573
96.177
96.479
96.781
97.129
97.408
97.547
97.710
97.988
98.453
98.592
99.196
99.799
100.101
100.380
100.984
101.309
101.587
101.912
102.191
102.493
102.795
103.120
103.398
103.700
103.979
104.583
104.908
105.186
105.511
105.790
106.092
106.394
106.719
106.998
107.160
107.299
107.578
107.926
108.205
108.507
108.785
109.111
109.389
109.691
109.993
110.318
110.597
110.899
111.177
111.781
112.106
112.245
112.385
112.710
112.849
112.988
113.290
113.592
113.917
114.196
114.498
114.776
115.380
115.705
115.844
115.984
116.309
116.448
116.587
116.889
117.191
117.493
117.656
117.818
118.399
118.979
119.304
119.583
119.908
120.186
120.488
120.790
121.115
121.394
121.696
121.974
122.323
122.578
122.903
123.182
123.507
123.786
124.087
124.389
124.714
124.993
125.295
125.574
125.922
126.177
126.363
126.502
126.781
127.385
127.687
127.988
128.313
128.592
128.894
129.173
129.521
129.800
130.101
130.380
130.984
131.286
131.448
131.587
131.913
132.191
132.493
132.772
133.120
133.399
133.700
133.979
134.583
134.885
135.187
135.512
135.790
136.092
136.394
136.998
137.578
138.182
138.507
138.786
139.111
139.389
139.691
139.993
140.318
140.597
140.899
141.177
141.502
141.781
142.106
142.385
142.710
142.988
143.290
143.592
143.917
144.196
144.498
144.776
145.380
145.566
145.705
145.984
146.309
146.611
146.889
147.191
147.516
147.795
148.097
148.376
148.724
148.979
149.304
149.583
149.908
150.187
150.489
150.651
150.790
151.115
151.255
151.394
151.696
151.975
152.323
152.578
152.903
153.182
153.507
153.786
154.088
154.389
154.715
154.854
154.993
155.318
155.458
155.597
155.899
156.038
156.201
156.781
157.385
157.710
157.989
158.314
158.592
158.894
159.173
159.521
159.777
160.102
160.380
160.705
160.984
161.286
161.588
161.913
162.191
162.493
162.772
163.120
163.399
163.701
163.979
164.583
164.769
164.908
165.187
165.512
165.790
166.092
166.394
166.719
166.998
167.300
167.578
168.182
168.507
168.786
169.111
169.390
169.691
169.993
170.318
170.458
170.597
170.899
171.178
171.781
172.106
172.385
172.710
172.989
173.291
173.592
173.894
174.196
174.498
174.800
174.962
175.125
175.241
175.404
175.984
176.588
176.913
177.191
177.517
177.795
178.097
178.376
178.979
179.304
179.583
179.908
180.187
180.512
180.791
181.116
181.394
181.696
181.975
182.323
182.579
182.904
183.182
183.507
183.786
183.972
184.111
184.390
184.715
184.993
185.295
185.574
185.922
186.178
186.503
186.781
187.106
187.385
187.687
187.989
188.314
188.592
188.894
189.034
189.196
189.521
189.637
189.800
190.102
190.380
190.984
191.286
191.588
191.913
192.192
192.493
192.633
192.795
193.120
193.236
193.399
193.701
194.003
194.305
194.467
194.606
195.187
195.791
196.093
196.394
196.719
196.998
197.300
197.579
198.182
198.507
198.786
199.111
199.390
199.692
199.993
200.319
200.597
200.899
201.178
201.781
202.083
202.385
202.710
202.989
203.151
203.314
203.593
203.918
204.196
204.498
204.777
205.380
205.706
205.984
206.309
206.588
206.890
207.192
207.517
207.795
208.097
208.237
208.376
208.980
209.305
209.583
209.908
210.187
210.489
210.791
211.116
211.394
211.696
211.975
212.300
212.579
212.904
213.182
213.786
214.390
214.715
214.994
215.295
215.574
215.922
216.178
216.503
216.781
217.385
217.687
217.989
218.314
218.593
218.918
219.173
219.521
219.777
220.102
220.381
220.706
220.984
221.286
221.588
221.913
222.192
222.494
222.772
223.121
223.399
223.701
223.980
224.583
224.885
225.187
225.512
225.791
226.093
226.395
226.720
226.998
227.300
227.439
227.579
228.043
228.182
228.508
228.786
229.111
229.390
229.692
229.994
230.319
230.597
230.899
231.039
231.178
231.526
231.665
231.735
231.805
232.083
232.385
232.710
232.850
232.989
233.593
234.196
234.498
234.777
235.381
235.706
235.984
236.309
236.588
236.890
237.192
237.517
237.796
238.097
238.376
238.724
238.980
239.305
239.583
239.909
240.187
240.489
240.791
241.116
241.395
241.720
241.975
242.323
242.463
242.602
242.904
243.183
243.508
243.786
244.088
244.390
244.715
244.994
245.296
245.574
245.923
246.178
246.503
246.782
247.107
247.246
247.385
247.687
247.989
248.314
248.593
248.895
249.173
249.522
249.777
250.079
250.381
250.706
251.008
251.147
251.310
251.588
252.053
252.192
252.796
253.399
253.701
253.980
254.305
254.584
254.885
255.187
255.512
255.791
256.093
256.372
256.720
256.998
257.300
257.579
258.183
258.485
258.786
259.111
259.390
259.692
259.994
260.319
260.598
260.760
260.899
261.178
261.526
261.805
262.107
262.385
262.711
262.989
263.291
263.593
263.918
264.197
264.499
264.777
265.381
265.706
265.845
265.985
266.310
266.449
266.588
266.890
267.192
267.517
267.796
268.098
268.376
268.980
269.305
269.444
269.584
269.909
270.048
270.187
270.489
270.791
271.093
271.256
271.418
271.999
272.602
272.904
273.183
273.508
273.786
274.088
274.390
274.715
274.994
275.296
275.574
275.923
276.178
276.503
276.782
277.107
277.386
277.687
277.989
278.314
278.593
278.895
279.174
279.522
279.777
279.963
280.102
280.381
280.985
281.287
281.588
281.913
282.192
282.494
282.773
283.121
283.400
283.701
283.980
284.305
284.584
284.886
285.048
285.187
285.513
285.791
286.093
286.395
286.720
286.999
287.300
287.579
288.183
288.485
288.787
289.112
289.390
289.692
289.994
290.598
291.178
291.782
292.107
292.386
292.711
292.989
293.291
293.593
293.918
294.197
294.499
294.777
295.102
295.381
295.706
295.985
296.310
296.588
296.890
297.192
297.517
297.796
298.098
298.376
298.980
299.166
299.305
299.584
299.909
300.211
300.489
300.791
301.116
301.395
301.697
301.976
302.324
302.579
302.904
303.183
303.787
304.089
304.251
304.390
304.715
304.855
304.994
305.296
305.575
305.923
306.178
306.503
306.782
307.386
307.688
307.989
308.315
308.454
308.593
308.918
309.058
309.197
309.499
309.638
309.801
310.381
310.985
311.310
311.589
311.914
312.192
312.494
312.773
313.121
313.377
313.702
313.980
314.584
314.886
315.188
315.513
315.791
316.093
316.372
316.720
316.999
317.301
317.579
317.904
318.183
318.369
318.508
318.787
319.112
319.390
319.692
319.994
320.319
320.598
320.900
321.178
321.782
322.107
322.386
322.711
322.990
323.291
323.593
323.918
324.058
324.197
324.499
324.778
325.381
325.706
325.985
326.310
326.589
326.891
327.192
327.494
327.796
328.098
328.400
328.562
328.725
328.841
329.004
329.584
330.188
330.513
330.791
331.117
331.395
331.697
331.976
332.324
332.579
332.904
333.183
333.508
333.787
334.112
334.391
334.716
334.994
335.296
335.575
335.923
336.179
336.504
336.782
337.107
337.386
337.572
337.711
337.990
338.315
338.593
338.895
339.174
339.522
339.778
340.103
340.381
340.706
340.985
341.287
341.589
341.914
342.192
342.494
342.634
342.796
343.121
343.261
343.400
343.702
343.980
344.584
344.886
345.188
345.513
345.792
346.093
346.233
346.395
346.720
346.836
346.999
347.301
347.603
347.881
348.067
348.206
348.787
349.391
349.693
349.994
350.319
350.598
350.900
351.179
351.782
352.107
352.386
352.711
352.990
353.292
353.593
353.919
354.197
354.499
354.778
355.381
355.683
355.985
356.310
356.589
356.751
356.914
357.193
357.518
357.796
358.098
358.377
358.980
359.306
359.584
360.188
360.490
360.792
361.117
361.395
361.697
361.837
361.976
362.580
362.905
363.183
363.508
363.787
364.089
364.391
364.716
364.994
365.296
365.575
365.900
366.179
366.504
366.782
367.386
