0.000
0.652
0.566
0.402
0.584
0.384
0.451
0.542
0.462
0.581
0.803
0.623
0.475
0.623
0.460
0.596
0.522
0.694
0.545
0.661
0.488
0.514
0.515
0.536
0.675
0.585
0.797
0.551
0.500
0.660
0.425
0.483
0.596
0.763
0.550
0.494
0.529
0.484
0.218
0.605
0.639
0.716
0.832
0.401
0.488
0.592
0.482
0.696
0.680
0.536
0.414
0.636
0.686
0.457
0.455
0.637
0.696
0.602
0.643
0.562
0.682
0.742
0.735
0.775
0.817
0.798
0.794
0.940
0.829
0.811
0.852
0.763
0.833
0.863
0.882
0.923
0.788
0.733
0.783
0.842
0.814
0.834
0.863
0.856
0.814
0.753
0.769
0.836
0.784
0.861
0.863
0.982
0.848
0.693
0.824
0.763
0.797
0.715
0.873
0.952
0.937
0.830
0.774
0.850
0.866
0.772
0.845
0.922
0.746
0.834
0.834
0.862
0.859
0.793
0.815
0.856
0.781
0.911
0.833
0.827
0.829
0.825
0.907
0.949
0.720
0.825
0.855
0.840
0.875
0.839
0.860
0.913
0.797
0.805
0.782
0.781
0.783
0.848
0.828
0.905
0.758
0.830
0.706
0.840
0.847
0.878
0.823
0.880
0.852
0.829
0.805
0.847
0.747
0.802
0.703
0.809
0.777
0.754
0.769
0.800
0.797
0.768
0.858
0.902
0.813
0.813
0.654
0.798
0.767
0.878
0.829
0.890
0.836
0.796
0.787
0.805
0.798
0.739
0.879
0.853
0.814
0.751
0.761
0.804
0.822
0.830
0.851
0.932
0.720
0.755
0.732
0.755
0.764
0.801
0.919
0.912
0.830
0.833
0.693
0.778
0.870
0.843
0.878
0.887
0.804
0.836
0.827
0.802
0.776
0.805
0.844
1.000
0.803
0.825
0.826
0.841
0.787
0.842
0.886
0.960
0.733
0.811
0.726
0.788
0.821
0.763
0.822
0.949
0.830
0.749
0.798
0.844
0.804
0.853
0.871
0.879
0.790
0.762
0.726
0.780
0.809
0.806
0.891
0.942
0.815
0.771
0.686
0.839
0.741
0.786
0.923
0.920
0.803
0.802
0.808
0.757
0.798
0.779
0.824
0.907
0.851
0.838
0.795
0.815
0.740
0.786
0.918
0.853
0.751
0.822
0.783
0.860
0.825
0.827
0.831
0.766
0.866
0.685
0.848
0.786
0.790
0.816
0.816
0.809
0.789
0.752
0.720
0.680
0.626
0.550
0.471
0.174
