0.337
0.196
0.221
0.215
0.260
0.231
0.194
0.552
0.460
0.595
0.722
0.465
0.500
0.353
0.669
0.441
0.605
0.492
0.605
0.464
0.386
0.482
0.490
0.485
0.444
0.534
0.436
0.468
0.557
0.574
0.744
0.604
0.393
0.381
0.470
0.413
0.551
0.521
0.526
0.379
0.520
0.466
0.615
0.399
0.482
0.599
0.482
0.473
0.535
0.530
0.426
0.610
0.517
0.475
0.507
0.523
0.520
0.495
0.610
0.481
0.485
0.501
0.507
0.531
0.476
0.502
0.614
0.485
0.497
0.532
0.488
0.492
0.514
0.511
0.613
0.483
0.490
0.512
0.511
0.493
0.680
0.547
0.498
0.540
0.553
0.506
0.506
0.574
0.571
0.508
0.590
0.600
0.560
0.770
0.544
0.532
0.591
0.745
0.503
0.544
0.538
0.543
0.641
0.590
0.519
0.522
0.532
0.545
0.532
0.557
0.586
0.523
0.607
0.503
0.575
0.570
0.584
0.567
0.564
0.557
0.540
0.599
0.540
0.567
0.548
0.536
0.588
0.572
0.553
0.596
0.495
0.473
0.461
0.502
0.470
0.506
0.475
0.533
0.585
0.476
0.487
0.492
0.513
0.518
0.500
0.466
0.602
0.493
0.459
0.528
0.473
0.496
0.517
0.543
0.611
0.488
0.491
0.567
0.470
0.485
0.627
0.494
0.498
0.499
0.523
0.528
0.498
0.548
0.522
0.514
0.564
0.534
0.532
0.528
0.552
0.524
0.549
0.557
0.549
0.535
0.509
0.527
0.512
0.517
0.521
0.527
0.560
0.550
0.538
0.536
0.592
0.521
0.559
0.497
0.481
0.499
0.479
0.508
0.603
0.505
0.447
0.503
0.536
0.514
0.495
0.488
0.584
0.459
0.471
0.552
0.481
0.494
0.500
0.532
0.590
0.465
0.486
0.558
0.535
0.512
0.649
0.534
0.509
0.521
0.538
0.517
0.455
0.363
0.445
0.333
0.437
0.256
0.522
0.330
0.263
0.188
0.235
0.303
0.455
0.351
