0.192
0.188
0.146
0.012
0.303
0.070
0.030
0.168
0.213
0.485
0.453
0.227
0.338
0.373
0.421
0.136
0.618
0.184
0.129
0.226
0.291
0.040
0.361
0.293
0.353
0.492
0.491
0.427
0.197
0.000
0.188
0.422
0.384
0.191
0.162
0.565
0.445
0.336
0.496
0.443
0.424
0.193
0.715
0.620
0.751
0.813
0.214
0.582
0.495
0.288
0.313
0.064
0.186
0.050
0.277
0.366
0.252
0.028
0.703
0.459
0.545
0.522
0.665
0.551
0.777
0.684
0.667
0.674
0.696
0.740
0.675
0.767
0.645
0.589
0.660
0.663
0.591
0.737
0.949
0.590
0.591
0.735
0.671
0.691
0.701
0.770
0.628
0.665
0.685
0.705
0.730
0.665
0.576
0.847
0.785
0.839
0.597
0.598
0.789
0.706
0.728
0.742
0.618
0.586
0.740
0.592
0.461
0.514
0.590
0.684
0.738
0.631
0.577
0.610
0.784
0.572
0.650
0.659
0.704
0.651
0.644
0.561
0.596
0.568
0.609
0.679
0.614
0.619
0.593
0.593
0.657
0.614
0.621
0.630
0.650
0.650
0.650
0.648
0.725
0.547
0.601
0.635
0.600
0.602
0.498
0.537
0.627
0.767
0.680
0.623
0.675
0.752
0.573
0.578
0.760
0.669
0.668
0.737
0.749
0.784
0.672
0.610
0.689
0.614
0.808
0.681
0.787
0.755
0.523
0.687
0.683
0.609
0.706
0.760
0.719
0.632
0.566
0.703
0.717
0.816
0.656
0.650
0.626
0.676
0.597
0.729
0.640
0.749
0.772
0.781
0.706
0.764
0.612
0.728
0.909
0.905
0.766
0.901
0.730
0.670
0.731
0.860
0.919
0.818
0.702
0.753
0.694
0.729
0.639
0.771
0.775
0.764
0.796
0.769
0.856
0.926
0.778
0.624
0.939
0.976
0.718
0.729
0.845
0.783
0.863
0.749
0.680
0.681
0.619
0.609
0.690
0.696
0.696
0.649
0.607
0.610
0.588
0.654
1.000
0.621
0.594
0.692
0.585
0.717
0.611
0.822
0.638
0.646
0.718
0.709
0.743
0.702
0.652
0.861
0.826
0.714
0.598
0.679
0.692
0.736
0.642
0.493
0.262
0.201
0.427
0.123
0.281
0.375
0.400
0.624
0.207
0.118
0.265
0.294
0.734
0.705
0.393
0.432
0.291
0.020
