0.316
0.397
0.000
0.442
0.048
0.458
0.558
0.772
0.758
0.301
0.590
0.725
0.532
0.580
0.201
0.680
0.423
0.519
0.590
0.594
0.545
0.722
0.564
0.389
0.494
0.721
0.692
0.756
0.526
0.431
0.276
0.383
0.702
0.812
0.710
0.945
0.760
0.723
0.782
0.816
0.855
0.711
0.480
0.593
0.435
0.191
0.713
0.569
0.761
0.754
0.852
0.862
0.773
0.918
0.954
0.933
0.926
0.944
0.869
0.965
0.952
0.949
0.962
0.911
0.924
0.943
0.876
0.934
0.930
0.963
0.971
0.920
0.949
0.882
0.877
0.962
0.919
0.953
0.945
0.898
0.904
0.908
0.983
0.916
0.892
0.863
0.897
0.939
0.926
0.970
0.917
0.907
0.887
0.931
0.932
0.940
0.882
0.942
0.969
0.895
0.943
0.936
0.870
0.946
0.957
0.947
0.956
0.903
0.916
0.874
0.896
1.000
0.890
0.956
0.888
0.920
0.909
0.932
0.934
0.951
0.970
0.919
0.959
0.900
0.895
0.915
0.894
0.908
0.900
0.926
0.960
0.875
0.847
0.935
0.975
0.912
0.951
0.938
0.879
0.940
0.925
0.927
0.932
0.901
0.914
0.922
0.888
0.937
0.941
0.954
0.974
0.923
0.941
0.906
0.867
0.939
0.932
0.958
0.970
0.896
0.886
0.931
0.951
0.948
0.938
0.946
0.940
0.949
0.916
0.937
0.945
0.885
0.887
0.904
0.899
0.914
0.878
0.919
0.938
0.928
0.928
0.898
0.925
0.929
0.912
0.937
0.931
0.917
0.916
0.901
0.892
0.882
0.895
0.949
0.969
0.928
0.937
0.896
0.865
0.905
0.972
0.957
0.892
0.936
0.909
0.908
0.877
0.944
0.946
0.924
0.945
0.908
0.929
0.883
0.871
0.954
0.920
0.922
0.953
0.877
0.882
0.888
0.970
0.925
0.897
0.822
0.913
0.813
0.568
0.811
0.722
0.850
0.760
0.875
0.815
0.839
0.647
0.870
0.785
0.857
