0.273
0.174
0.120
0.074
0.057
0.054
0.298
0.234
0.225
0.169
0.153
0.179
0.165
0.133
0.248
0.271
0.221
0.414
0.167
0.403
0.176
0.363
0.255
0.383
0.197
0.360
0.188
0.355
0.160
0.352
0.249
0.255
0.197
0.328
0.234
0.367
0.208
0.357
0.213
0.358
0.200
0.341
0.191
0.338
0.220
0.363
0.199
0.358
0.236
0.342
0.232
0.343
0.188
0.385
0.248
0.331
0.257
0.348
0.225
0.339
0.218
0.520
0.257
0.279
0.172
0.272
0.215
0.319
0.165
0.300
0.184
0.313
0.231
0.351
0.236
0.326
0.187
0.314
0.245
0.371
0.205
0.351
0.219
0.307
0.191
0.367
0.207
0.349
0.211
0.354
0.222
0.328
0.347
0.358
0.426
0.376
0.270
0.351
0.216
0.347
0.175
0.422
0.255
0.353
0.255
0.338
0.212
0.381
0.200
0.396
0.273
0.343
0.210
0.422
0.204
0.387
0.175
0.439
0.186
0.336
0.221
0.341
0.231
0.399
0.184
0.420
0.232
0.424
0.395
0.489
0.330
0.517
0.369
0.533
0.401
0.509
0.224
0.326
0.215
0.333
0.160
0.322
0.205
0.345
0.259
0.330
0.208
0.357
0.182
0.344
0.179
0.378
0.346
0.332
0.230
0.331
0.212
0.394
0.217
0.353
0.195
0.334
0.183
0.381
0.229
0.275
0.261
0.454
0.212
0.380
0.275
0.205
0.302
0.249
0.402
0.208
0.291
0.248
0.371
0.194
0.278
0.237
0.359
0.185
0.351
0.277
0.421
0.218
0.268
0.283
0.418
0.146
0.250
0.235
0.253
0.231
0.306
0.373
0.367
0.397
0.284
0.200
0.366
0.267
0.205
0.350
0.269
0.197
0.192
0.252
0.262
0.262
0.319
0.343
0.282
0.240
0.196
0.311
0.384
0.320
0.323
0.267
0.306
0.216
0.250
0.323
0.314
0.348
0.316
0.517
0.325
0.344
0.291
0.174
0.156
0.171
0.116
0.109
0.224
0.200
0.207
0.211
0.125
0.141
0.127
0.121
0.171
0.252
0.318
0.176
0.343
0.147
0.355
0.097
0.310
0.178
0.283
0.166
0.311
0.136
0.294
0.236
0.127
0.186
0.377
0.271
0.285
0.085
0.271
0.234
0.305
0.080
0.300
0.162
0.352
0.163
0.468
0.193
0.308
0.162
0.313
0.253
0.210
0.205
0.229
0.251
0.270
0.166
0.332
0.169
0.284
0.176
0.319
0.200
0.290
0.200
0.334
0.193
0.189
0.483
0.186
0.190
0.382
0.376
0.424
0.180
0.177
0.315
0.489
0.186
0.176
0.199
0.230
0.228
0.232
0.241
0.420
0.181
0.267
0.314
0.239
0.230
0.246
0.103
0.308
0.342
0.347
0.358
0.354
0.335
0.371
0.358
0.236
0.318
0.257
0.215
0.232
0.267
0.304
0.402
0.305
0.316
0.289
0.220
0.239
0.377
0.365
0.390
0.319
0.270
0.318
0.232
0.297
0.393
0.385
0.291
0.375
0.313
0.468
0.432
0.455
0.240
0.313
0.219
0.339
0.208
0.349
0.274
0.326
0.277
0.354
0.267
0.327
0.204
0.418
0.270
0.413
0.304
0.397
0.226
0.412
0.210
0.372
0.254
0.329
0.208
0.372
0.227
0.366
0.261
0.329
0.228
0.443
0.208
0.350
0.203
0.380
0.196
0.412
0.253
0.377
0.206
0.381
0.211
0.366
0.234
0.379
0.326
0.402
0.263
0.412
0.274
0.407
0.208
0.397
0.241
0.333
0.258
0.376
0.218
0.377
0.305
0.407
0.336
0.506
0.259
0.528
0.214
0.271
