0.000
0.736
0.751
0.735
0.748
0.735
0.743
0.762
0.734
0.779
0.752
0.746
0.766
0.745
0.708
0.769
0.733
0.695
0.772
0.743
0.736
0.756
0.731
0.762
0.751
0.696
0.771
0.748
0.789
0.825
0.782
0.736
0.760
0.740
0.738
0.863
0.736
0.731
0.745
0.763
0.821
0.802
0.758
0.752
0.757
0.766
0.408
0.471
0.729
0.754
0.708
0.734
0.722
0.964
0.877
0.770
0.942
0.953
0.985
0.853
0.817
0.817
0.727
0.824
0.844
0.739
0.744
0.700
0.785
0.569
0.998
0.945
0.806
0.782
0.938
0.938
0.924
0.805
0.868
0.762
0.693
0.687
0.927
0.872
0.881
0.738
0.532
0.973
0.757
0.754
0.747
0.825
0.743
0.752
0.728
0.731
0.772
0.766
0.744
0.792
0.802
0.974
0.775
0.542
0.901
0.874
0.857
0.845
0.844
0.732
0.832
0.800
0.811
0.727
0.787
0.754
0.840
0.754
0.970
0.869
0.732
0.708
0.877
0.787
0.823
0.697
0.769
0.788
0.785
0.738
0.694
0.814
0.796
0.771
0.761
0.973
0.918
0.968
0.781
0.717
0.774
0.736
0.773
0.745
0.741
0.804
0.749
0.732
0.559
0.691
0.772
0.764
0.729
0.798
0.763
0.737
0.811
0.769
0.730
0.771
0.748
0.778
0.766
0.752
0.717
0.626
0.959
0.960
0.770
0.801
0.870
0.919
0.777
0.725
0.771
0.728
0.773
0.735
0.736
0.882
0.833
0.742
0.614
0.966
0.834
0.877
0.769
0.822
0.893
0.912
0.807
0.818
0.741
0.787
0.754
0.906
0.777
0.913
0.828
0.489
0.788
0.777
0.795
0.827
0.789
0.712
0.765
0.816
0.734
0.855
0.733
0.815
0.728
0.766
0.928
0.986
0.822
0.688
0.930
0.756
0.814
0.712
0.838
0.799
0.763
0.741
0.806
0.900
0.886
0.791
0.797
0.934
0.913
0.942
0.852
0.788
0.741
0.757
0.812
0.711
0.821
0.783
0.692
0.756
0.772
1.000
0.730
0.792
0.848
0.765
0.709
0.766
0.728
0.705
0.716
0.791
0.746
0.706
0.850
0.763
0.748
0.636
0.932
0.846
0.780
0.804
0.812
0.882
0.901
0.820
0.781
0.780
0.817
0.755
0.913
0.865
0.775
0.720
0.615
0.911
0.872
0.850
0.803
0.839
0.891
0.791
0.726
0.774
0.767
0.768
0.759
0.740
0.753
0.913
0.815
0.657
0.816
0.918
0.749
0.788
0.816
0.817
0.888
0.787
0.804
0.756
0.777
0.773
0.911
0.789
0.984
0.905
0.684
0.692
0.928
0.782
0.829
0.805
0.785
0.755
0.777
0.765
0.724
0.764
0.815
0.732
0.769
0.954
0.932
0.912
0.758
0.791
0.773
0.753
0.799
0.745
0.763
0.799
0.745
0.745
0.572
0.655
0.770
0.751
0.727
0.808
0.783
0.758
0.817
0.766
0.739
0.769
0.753
0.764
0.765
0.752
0.722
0.549
0.626
0.788
0.771
0.746
0.783
0.764
0.728
0.438
0.159
0.000
0.000
0.000
