0.165
0.131
0.167
0.147
0.136
0.180
0.156
0.142
0.157
0.159
0.168
0.154
0.163
0.174
0.170
0.190
0.142
0.162
0.192
0.161
0.178
0.596
0.608
0.525
0.582
0.598
0.632
0.489
0.623
0.609
0.654
0.506
0.539
0.520
0.674
0.502
0.582
0.257
0.556
0.517
0.602
0.607
0.633
0.733
0.622
0.744
0.566
0.542
0.528
0.400
0.561
0.534
0.397
0.509
0.452
0.541
0.585
0.469
0.575
0.519
0.392
0.365
0.411
0.532
0.464
0.407
0.441
0.570
0.471
0.513
0.448
0.461
0.538
0.433
0.442
0.425
0.517
0.620
0.459
0.568
0.575
0.455
0.676
0.520
0.532
0.498
0.671
0.530
0.581
0.400
0.470
0.497
0.483
0.565
0.473
0.500
0.482
0.454
0.408
0.417
0.533
0.468
0.376
0.511
0.533
0.400
0.500
0.452
0.501
0.659
0.529
0.526
0.513
0.400
0.383
0.414
0.517
0.513
0.393
0.429
0.541
0.473
0.476
0.439
0.436
0.514
0.466
0.548
0.526
0.418
0.609
0.541
0.366
0.275
0.257
0.239
0.180
0.177
0.174
0.172
0.192
0.169
0.180
0.175
0.173
0.189
0.150
0.167
0.195
0.167
0.214
0.534
0.471
0.518
0.421
0.164
0.550
0.510
0.508
0.508
0.459
0.495
0.506
0.417
0.458
0.414
0.496
0.633
0.442
0.575
0.532
0.513
0.494
0.409
0.473
0.302
0.132
0.482
0.486
0.371
0.407
0.472
0.466
0.540
0.325
0.424
0.536
0.436
0.363
0.413
0.514
0.401
0.654
0.547
0.558
0.450
0.479
0.460
0.457
0.581
0.445
0.521
0.479
0.443
0.410
0.458
0.544
0.530
0.359
0.535
0.561
0.387
0.512
0.471
0.525
0.589
0.521
0.524
0.545
0.409
0.400
0.417
0.524
0.465
0.400
0.438
0.538
0.475
0.516
0.443
0.455
0.541
0.405
0.525
0.532
0.527
0.575
0.523
0.520
0.421
0.349
0.468
0.504
0.452
0.466
0.422
0.530
0.609
0.524
0.547
0.533
0.509
0.437
0.485
0.547
0.432
0.402
0.492
0.550
0.401
0.465
0.406
0.485
0.604
0.445
0.539
0.549
0.499
0.439
0.506
0.514
0.507
0.365
0.544
0.507
0.416
0.395
0.499
0.533
0.648
0.527
0.518
0.508
0.428
0.382
0.480
0.525
0.525
0.361
0.457
0.535
0.489
0.483
0.469
0.455
0.508
0.449
0.585
0.518
0.446
0.533
0.467
0.526
0.428
0.322
0.514
0.499
0.470
0.470
0.447
0.518
0.540
0.471
0.568
0.516
0.363
0.368
0.439
0.534
0.391
0.432
0.543
0.567
0.440
0.298
0.251
0.242
0.183
0.190
0.192
0.186
0.220
0.174
0.188
0.201
0.165
0.152
0.212
0.173
0.160
0.170
0.172
