0.073
0.407
0.185
0.488
0.512
0.434
0.440
0.176
0.506
0.535
0.436
0.485
0.266
0.337
0.392
0.394
0.530
0.546
0.412
0.592
0.487
0.641
0.580
0.653
0.610
0.502
0.511
0.529
0.600
0.670
0.516
0.489
0.529
0.479
0.576
0.452
0.422
0.308
0.606
0.479
0.486
0.490
0.526
0.524
0.471
0.515
0.632
0.640
0.711
0.542
0.652
0.393
0.573
0.577
0.592
0.580
0.576
0.780
0.770
0.750
0.643
0.637
0.675
0.505
0.318
0.561
0.550
0.594
0.543
0.563
0.628
0.695
0.775
0.588
0.814
0.767
0.668
0.642
0.560
0.602
0.495
0.341
0.424
0.684
0.575
0.654
0.663
0.471
0.572
0.505
0.549
0.541
0.946
0.566
0.614
0.488
0.533
0.428
0.461
0.381
0.430
0.614
0.456
0.508
0.571
0.477
0.535
0.719
0.594
0.549
0.510
0.564
0.438
0.531
0.546
0.423
0.649
0.586
0.618
0.548
0.582
0.591
0.500
0.476
0.529
0.610
0.667
0.647
0.541
0.515
0.517
0.607
0.410
0.523
0.503
0.539
0.543
0.602
0.580
0.486
0.402
0.418
0.441
0.555
0.467
0.497
0.402
0.424
0.424
0.395
0.393
0.309
0.528
0.529
0.378
0.564
0.445
0.427
0.378
0.248
0.361
0.588
0.432
0.345
0.393
0.518
0.499
0.477
0.391
0.422
0.377
0.373
0.469
0.591
0.541
0.329
0.504
0.488
0.541
0.416
0.498
0.355
0.537
0.516
0.490
0.459
0.463
0.396
0.275
0.488
0.584
0.492
0.459
0.386
0.411
0.461
0.521
0.679
1.000
0.740
0.838
0.727
0.598
0.620
0.693
0.713
0.704
0.576
0.820
0.572
0.701
0.666
0.482
0.619
0.562
0.665
0.781
0.760
0.742
0.564
0.664
0.644
0.609
0.568
0.513
0.644
0.611
0.609
0.637
0.654
0.762
0.638
0.767
0.680
0.574
0.598
0.736
0.599
0.751
0.669
0.770
0.621
0.705
0.624
0.595
0.584
0.626
0.629
0.678
0.764
0.814
0.755
0.621
0.471
0.602
0.585
0.608
0.506
0.520
0.562
0.449
0.474
0.543
0.462
0.441
0.577
0.586
0.495
0.496
0.626
0.510
0.500
0.496
0.531
0.513
0.587
0.596
0.483
0.548
0.442
0.475
0.615
0.559
0.466
0.614
0.562
0.602
0.674
0.564
0.587
0.519
0.406
0.502
0.689
0.486
0.570
0.620
0.549
0.468
0.508
0.554
0.383
0.470
0.548
0.409
0.546
0.476
0.440
0.359
0.540
0.602
0.538
0.381
0.387
0.373
0.495
0.527
0.637
0.572
0.462
0.528
0.264
0.623
0.550
0.585
0.488
0.485
0.559
0.618
0.429
0.522
0.329
0.483
0.540
0.587
0.550
0.493
0.492
0.421
0.444
0.581
0.538
0.658
0.404
0.533
0.278
0.383
0.519
0.487
0.468
0.335
0.310
0.529
0.446
0.392
0.356
0.356
0.501
0.439
0.424
0.408
0.491
0.453
0.339
0.472
0.106
0.000
