0.464
0.882
1.184
1.324
1.440
1.695
2.043
2.345
2.392
2.647
2.763
3.088
3.204
3.344
3.762
3.947
4.133
4.296
4.528
4.644
4.830
4.969
5.085
5.224
5.596
5.759
6.362
6.594
8.011
8.150
8.429
8.591
8.754
8.847
9.033
9.102
9.334
9.520
9.567
9.683
9.799
9.961
10.008
10.194
10.472
10.612
10.751
10.890
11.215
11.401
11.447
11.564
11.680
11.842
12.353
12.399
12.516
12.655
12.794
12.887
13.119
13.282
13.351
13.468
13.584
13.723
13.816
14.257
14.396
14.536
14.675
14.977
15.209
15.302
15.464
15.627
15.882
16.115
16.161
16.300
16.440
16.556
16.927
17.067
17.531
17.578
17.833
18.042
18.181
18.297
18.460
18.506
18.762
18.971
19.087
19.249
19.389
19.946
20.085
20.201
20.248
20.387
20.619
20.666
20.852
20.898
21.014
21.130
21.362
21.595
21.711
21.827
21.966
22.059
22.198
22.547
22.756
22.895
23.011
23.150
23.545
23.731
24.009
24.126
24.358
24.613
25.078
25.635
25.751
25.913
26.006
26.540
26.680
26.982
27.469
27.655
27.771
27.934
28.421
28.561
28.862
29.420
29.536
29.652
29.791
30.302
30.418
30.766
30.813
31.277
31.417
31.556
31.672
32.183
32.229
32.369
32.624
32.856
33.135
33.181
33.297
33.437
33.576
33.808
34.087
34.226
34.551
34.900
35.201
35.318
35.457
35.689
35.968
36.153
36.432
36.943
37.105
37.222
37.361
37.872
37.941
38.383
38.824
38.870
38.986
39.102
39.242
39.753
39.822
40.078
40.194
40.751
40.867
41.123
41.633
41.680
41.819
42.098
42.632
42.748
42.887
43.027
43.398
43.537
43.700
43.955
44.815
44.861
45.140
45.465
45.581
45.883
46.231
46.370
46.417
46.556
46.672
46.811
46.858
47.299
47.485
47.624
47.763
48.251
48.321
48.437
48.553
48.692
48.785
48.924
49.180
49.366
49.644
49.993
50.155
50.318
50.434
50.596
50.666
50.828
51.084
51.270
51.548
51.850
52.036
52.222
52.361
52.500
52.547
52.965
53.150
53.267
53.429
53.940
53.986
54.102
54.242
54.358
54.637
54.846
55.147
55.310
55.542
55.844
55.983
56.099
56.308
56.773
57.075
57.214
57.469
57.748
57.864
58.027
58.143
58.630
59.095
59.141
59.606
59.745
59.884
60.024
60.116
60.511
60.999
61.068
61.277
61.486
61.788
61.928
61.997
62.229
62.438
62.717
62.880
62.949
63.367
63.414
63.669
63.832
64.110
64.319
64.784
64.993
65.318
65.434
65.573
65.689
65.945
66.038
66.177
66.664
66.897
67.152
67.222
67.338
67.454
67.593
67.686
67.918
68.081
68.383
68.545
69.079
69.219
69.381
69.474
69.730
69.776
69.985
70.171
70.426
70.658
70.798
70.937
71.216
71.378
71.448
71.587
71.866
72.052
72.330
72.887
73.004
73.259
73.770
73.839
73.956
74.234
74.443
74.745
74.884
75.000
75.163
75.651
76.301
76.765
76.997
77.253
77.578
77.996
78.251
78.483
78.530
78.669
78.785
78.948
79.018
79.250
79.435
79.714
80.132
80.666
80.782
81.038
81.340
81.386
81.502
81.757
82.222
83.174
83.522
85.217
85.380
86.053
86.541
86.936
87.237
87.353
96.177
98.128
98.360
98.685
99.080
99.312
100.008
100.542
100.914
101.193
101.750
101.866
102.121
103.004
103.724
104.304
104.977
105.651
105.883
106.394
