0.441
0.743
0.929
1.207
1.324
1.416
1.672
1.834
1.881
2.322
2.577
2.624
2.786
2.833
3.088
3.204
3.297
3.762
4.110
4.226
4.458
4.667
4.714
4.969
5.085
5.178
5.410
5.642
6.362
6.594
6.734
6.850
6.966
7.082
7.198
7.314
7.546
8.011
8.499
8.963
9.218
9.404
9.799
9.892
10.124
10.356
10.612
10.751
10.844
10.983
11.076
11.308
11.564
11.680
11.796
12.028
12.260
12.516
12.632
12.748
12.980
13.212
13.468
13.584
13.677
13.909
14.141
14.396
14.536
14.629
14.884
15.093
15.348
15.464
15.557
15.790
16.022
16.277
16.417
16.533
16.765
16.974
17.438
17.694
17.903
18.181
18.297
18.413
18.622
18.878
19.342
19.598
19.946
20.085
20.201
20.317
20.434
20.550
20.782
21.478
21.711
21.850
21.943
22.082
22.198
22.314
22.430
22.663
22.895
23.127
23.615
24.079
24.311
24.520
24.985
25.240
25.449
25.751
25.867
25.983
26.192
26.401
26.865
27.144
27.353
27.632
27.841
28.096
28.282
28.584
28.770
29.025
29.257
29.513
29.652
29.768
30.000
30.186
30.465
30.674
30.906
31.138
31.417
31.533
31.649
31.858
32.090
32.369
32.554
32.787
33.019
33.065
33.297
33.437
33.530
33.762
33.971
34.435
34.691
34.923
35.201
35.318
35.434
35.619
35.666
35.852
35.898
36.339
36.780
37.268
37.732
38.220
38.499
38.684
38.986
39.102
39.195
39.427
39.636
39.683
39.915
40.101
40.356
40.588
40.867
40.983
41.099
41.308
41.517
41.982
42.260
42.469
42.516
42.748
42.864
42.980
43.189
43.421
43.700
43.886
44.164
44.373
44.606
44.768
44.884
45.093
45.302
45.581
45.790
46.045
46.254
46.765
46.997
47.183
47.508
47.671
47.903
48.135
48.414
48.646
48.878
49.087
49.133
49.551
49.807
50.039
50.318
50.527
50.666
50.782
50.991
51.455
51.688
51.920
52.198
52.431
52.640
52.872
53.336
53.592
53.801
54.079
54.311
54.520
54.753
55.217
55.472
55.681
55.983
56.192
56.424
56.633
57.121
57.353
57.585
57.864
58.003
58.096
58.305
58.352
58.538
59.002
59.257
59.490
59.745
59.884
59.977
60.209
60.442
60.906
61.138
61.417
61.649
61.765
61.881
62.113
62.322
62.601
62.810
63.042
63.274
63.530
63.762
63.994
64.203
64.482
64.598
64.691
64.923
65.132
65.434
65.643
65.852
65.898
66.107
66.363
66.572
66.804
67.059
67.315
67.431
67.547
67.756
68.011
68.267
68.383
68.499
68.708
68.940
69.195
69.335
69.451
69.660
69.892
70.147
70.356
70.589
70.821
71.100
71.216
71.332
71.564
71.750
72.052
72.237
72.493
72.702
72.980
73.120
73.213
73.421
73.654
73.932
74.118
74.374
74.606
74.861
75.000
75.117
75.326
75.558
76.022
76.278
76.765
76.881
76.997
77.230
77.462
77.694
77.903
78.158
78.391
78.623
78.785
78.878
79.110
79.343
79.575
79.807
80.039
80.527
80.666
80.782
81.014
81.247
81.479
96.665
97.036
97.268
97.384
97.617
97.872
98.081
98.313
98.545
98.894
99.149
99.265
99.474
99.730
99.846
99.962
100.426
100.775
100.914
101.007
101.146
101.355
101.611
101.820
102.052
102.284
102.655
102.888
103.004
103.236
103.468
103.607
103.724
104.165
104.536
104.768
104.885
105.094
105.349
105.581
105.813
106.046
106.417
