0.418
0.929
1.416
1.927
2.415
2.926
3.413
3.924
4.412
4.923
5.410
5.875
6.409
6.920
7.407
7.964
8.429
8.916
9.427
9.915
10.426
10.913
11.424
11.912
12.423
12.910
13.421
13.909
14.420
14.907
15.418
15.929
16.417
16.927
17.415
17.926
18.413
18.924
19.412
19.923
20.410
20.921
21.409
21.920
22.407
22.918
23.429
23.917
24.427
24.915
25.426
25.913
26.424
26.912
27.423
27.910
28.421
28.909
29.420
29.907
30.418
30.929
31.417
31.927
32.415
32.926
33.414
33.924
34.412
34.923
35.410
35.921
36.409
36.920
37.407
37.918
38.429
38.917
39.427
39.915
40.426
40.914
41.424
41.912
42.423
42.910
43.421
43.909
44.420
44.907
45.418
45.929
46.417
46.928
47.415
47.926
48.414
48.924
49.412
49.923
50.411
50.921
51.409
51.920
52.407
52.918
53.429
53.917
54.428
54.915
55.426
55.914
56.424
56.912
57.423
57.911
58.421
58.909
59.420
59.907
60.418
60.929
61.417
61.928
62.415
62.926
63.414
63.925
64.412
64.923
65.411
65.921
66.409
66.920
67.408
67.918
68.429
68.917
69.428
69.915
70.426
70.914
71.425
71.912
72.423
72.911
73.421
73.909
74.420
74.908
75.418
75.929
76.417
76.928
77.415
77.926
78.414
78.925
79.412
79.923
80.411
80.922
81.409
81.920
82.408
82.918
83.429
83.917
84.428
84.915
85.426
86.007
86.425
86.912
87.423
87.911
88.375
88.375
88.375
88.375
88.375
88.375
88.375
88.375
96.154
96.154
96.154
96.154
96.154
96.154
96.154
96.154
96.386
96.967
97.361
97.942
98.499
98.917
99.451
99.939
100.426
100.891
101.425
101.843
102.400
102.888
103.422
103.700
104.490
104.885
105.349
106.022
