5.712
6.223
6.711
7.221
7.709
8.220
8.707
9.218
9.706
10.217
10.704
11.215
11.703
12.214
12.701
13.212
13.723
14.211
14.721
15.209
15.720
16.208
16.718
17.206
17.717
18.204
18.715
19.203
19.714
20.201
20.712
21.223
21.711
22.221
22.709
23.220
23.708
24.218
24.706
25.217
25.704
26.215
26.703
27.214
27.701
28.212
28.723
29.211
29.722
30.209
30.720
31.208
31.718
32.206
32.717
33.205
33.715
34.203
34.714
35.201
35.712
36.223
36.711
37.222
37.709
38.220
38.708
39.219
39.706
40.217
40.705
41.215
41.703
42.214
42.701
43.212
43.723
44.211
44.722
45.209
45.720
46.208
46.719
47.206
47.717
48.205
48.715
49.203
49.714
50.202
50.712
51.223
51.711
52.222
52.709
53.220
53.708
54.219
54.706
55.217
55.705
56.216
56.703
57.214
57.702
58.212
58.723
59.211
59.722
60.209
60.720
61.208
61.719
62.206
62.717
63.205
63.716
64.203
64.714
65.202
65.712
66.223
66.711
67.222
67.709
68.220
68.708
69.219
69.706
70.217
70.705
71.216
71.703
72.214
72.702
73.213
73.723
74.211
74.722
75.209
75.720
76.208
76.719
77.206
77.717
78.205
78.716
79.203
79.714
80.202
80.713
81.223
81.711
82.222
82.709
83.220
83.708
84.219
84.706
85.217
85.705
86.216
86.703
87.214
87.702
88.213
88.723
89.211
89.722
90.210
90.720
91.208
91.858
92.183
92.183
92.183
92.183
92.183
92.183
92.183
92.183
92.183
92.183
92.183
92.183
92.183
92.183
92.183
92.183
92.183
92.183
92.183
92.183
92.183
92.183
92.183
92.183
92.183
92.183
92.183
92.183
92.183
92.183
121.580
121.580
121.580
121.580
121.580
121.580
121.580
121.580
121.580
121.580
121.580
121.580
121.580
121.580
121.580
121.580
121.580
121.580
121.580
121.580
121.580
121.580
121.580
121.580
121.580
121.580
121.580
121.580
121.580
121.719
122.207
