0.000
0.930
0.892
0.828
0.690
0.654
0.677
0.805
0.787
0.750
0.757
0.889
0.843
0.825
0.891
0.846
0.776
0.730
0.691
0.795
0.730
0.780
0.755
0.775
0.690
0.806
0.797
0.766
0.850
0.802
0.752
0.794
0.701
0.691
0.776
0.796
0.719
0.817
0.854
0.770
0.913
0.908
0.764
0.918
0.919
0.764
0.801
0.820
0.753
0.887
0.810
0.747
0.953
0.919
0.801
0.752
0.650
0.641
0.529
0.868
0.934
1.000
0.876
0.678
0.844
0.726
0.840
0.844
0.917
0.808
0.836
0.803
0.706
0.940
0.830
0.809
0.802
0.724
0.728
0.933
0.858
0.910
0.925
0.762
0.859
0.862
0.919
0.854
0.845
0.876
0.727
0.840
0.722
0.838
0.870
0.876
0.848
0.854
0.778
0.754
0.928
0.901
0.907
0.921
0.726
0.702
0.823
0.867
0.919
0.958
0.793
0.752
0.801
0.850
0.817
0.868
0.900
0.843
0.826
0.760
0.704
0.909
0.855
0.860
0.810
0.830
0.744
0.949
0.838
0.915
0.945
0.713
0.759
0.885
0.876
0.872
0.866
0.878
0.736
0.892
0.682
0.858
0.947
0.822
0.825
0.697
0.706
0.685
0.774
0.912
0.928
0.932
0.638
0.632
0.588
0.882
0.845
0.871
0.900
0.664
0.658
0.746
0.936
0.912
0.818
0.760
0.607
0.615
0.652
0.603
0.501
0.303
0.139
0.007
0.007
0.007
0.007
0.007
0.007
0.007
0.007
0.007
0.007
0.007
0.007
0.007
0.007
0.007
0.007
0.007
0.007
0.007
0.007
0.007
0.007
0.007
0.007
0.007
0.007
0.007
0.007
0.007
0.007
0.090
0.090
0.090
0.090
0.090
0.090
0.090
0.090
0.090
0.090
0.090
0.090
0.090
0.090
0.090
0.090
0.090
0.090
0.090
0.090
0.090
0.090
0.090
0.090
0.090
0.090
0.090
0.090
0.090
0.763
0.649
