0.000
0.162
0.158
0.153
0.156
0.133
0.141
0.138
0.140
0.136
0.126
0.129
0.123
0.137
0.126
0.131
0.127
0.136
0.152
0.155
0.159
0.135
0.144
0.139
0.141
0.129
0.134
0.121
0.126
0.129
0.128
0.134
0.128
0.254
0.448
0.363
0.407
0.327
0.451
0.347
0.404
0.276
0.440
0.315
0.430
0.274
0.402
0.368
0.372
0.272
0.411
0.353
0.416
0.266
0.449
0.375
0.432
0.250
0.428
0.336
0.430
0.261
0.387
0.291
0.362
0.105
0.092
0.099
0.077
0.318
0.410
0.377
0.399
0.280
0.415
0.336
0.376
0.275
0.438
0.294
0.408
0.310
0.420
0.338
0.411
0.298
0.396
0.312
0.394
0.292
0.420
0.349
0.376
0.309
0.439
0.326
0.441
0.266
0.425
0.333
0.423
0.261
0.417
0.347
0.396
0.317
0.393
0.278
0.387
0.318
0.398
0.258
0.390
0.279
0.404
0.407
0.397
0.279
0.429
0.363
0.437
0.282
0.427
0.329
0.358
0.242
0.416
0.280
0.373
0.320
0.435
0.310
0.417
0.278
0.360
0.237
0.345
0.266
0.338
0.190
0.326
0.266
0.409
0.314
0.401
0.272
0.418
0.326
0.424
0.242
0.363
0.251
0.358
0.278
0.330
0.246
0.346
0.312
0.378
0.251
0.372
0.264
0.445
0.330
0.393
0.128
0.119
0.122
0.134
0.114
0.094
0.097
0.097
0.118
0.105
0.133
0.134
0.117
0.106
0.113
0.107
0.130
0.122
0.131
0.134
0.112
0.095
0.106
0.098
0.116
0.106
0.125
0.129
0.114
0.104
0.118
0.107
0.125
0.094
0.077
0.054
0.016
0.243
0.000
0.000
0.000
0.000
0.000
0.000
0.000
0.000
0.000
0.000
0.000
0.000
0.000
0.000
0.000
0.000
0.000
0.000
0.000
0.000
0.000
0.000
0.000
0.000
0.000
0.000
0.000
0.000
0.000
0.000
0.000
0.000
0.000
0.000
0.000
0.000
0.000
0.000
0.000
0.000
0.000
0.000
0.000
0.000
0.000
0.000
0.000
0.000
0.000
0.000
0.000
0.000
0.000
0.000
0.000
0.000
0.000
0.000
0.000
0.000
0.000
0.000
0.000
0.000
0.000
0.000
0.000
0.000
0.000
0.000
0.614
