155
184
2
364
72
1
135
16
0
54
47
0
5
40
0
48
41
29
47
0
0
27
53
46
50
0
9
0
0
13
0
7
30
50
0
9
0
34
4
31
50
0
28
24
16
0
2
47
0
36
26
46
24
28
24
18
0
33
51
0
55
0
9
0
16
51
0
0
25
27
0
45
37
9
0
17
46
0
0
0
2
51
0
47
0
27
30
0
4
51
37
0
11
0
18
0
31
0
56
0
13
0
0
53
24
0
0
23
0
33
25
47
0
12
49
45
0
32
51
0
14
48
38
1
1
1
25
2
8
0
46
51
0
25
0
0
56
2
4
36
37
1
0
46
0
48
46
50
0
12
30
0
28
13
37
13
0
0
1
0
1
25
5
28
13
0
20
0
27
43
33
50
0
45
20
0
0
5
26
28
0
4
35
22
30
0
6
13
50
0
2
0
47
0
32
0
41
24
1
0
4
2
26
48
2
1
50
0
20
51
0
2
0
46
51
0
41
27
19
24
23
0
33
9
0
41
15
15
25
2
33
47
0
56
21
0
6
51
0
38
9
0
36
50
0
0
45
54
22
28
26
46
51
0
33
9
0
42
34
4
0
0
7
29
2
29
2
4
25
17
2
4
16
51
0
34
42
35
0
1
0
10
46
0
29
7
28
13
0
28
23
0
17
0
3
0
0
4
0
1
16
0
0
0
4
2
40
28
0
0
2
10
11
37
28
1
9
0
24
1
15
32
0
4
25
1
47
0
1
25
6
9
0
4
9
0
0
36
23
0
14
9
0
38
0
4
0
54
28
16
0
37
28
18
0
32
0
14
