0.946
0.877
0.877
0.666
0.956
0.322
0.798
0.670
0.965
0.328
0.804
0.674
0.968
0.316
0.788
0.317
0.962
0.846
0.847
0.813
0.953
0.869
0.854
0.811
0.972
0.821
0.850
0.819
0.937
0.796
0.847
0.735
0.945
0.916
0.905
0.844
0.961
0.749
0.869
0.807
0.966
0.783
0.843
0.848
0.948
0.688
0.805
0.532
0.957
0.896
0.903
0.850
0.960
0.872
0.835
0.827
0.950
0.844
0.849
0.854
0.959
0.806
0.850
0.803
0.972
0.917
0.883
0.823
0.955
0.722
0.864
0.835
0.958
0.802
0.857
0.861
0.958
0.583
0.804
0.539
0.948
0.818
0.870
0.772
0.958
0.801
0.856
0.839
0.968
0.732
0.830
0.762
0.927
0.719
0.825
0.754
0.965
0.841
0.853
0.807
0.957
0.683
0.856
0.773
0.957
0.661
0.850
0.798
0.923
0.727
0.792
0.532
0.990
0.809
0.913
0.898
0.976
0.866
0.899
0.852
0.986
0.886
0.898
0.840
0.975
0.891
0.892
0.832
0.993
0.875
0.899
0.890
0.974
0.873
0.895
0.832
0.970
0.884
0.899
0.833
0.982
0.886
0.888
0.812
0.980
0.881
0.902
0.874
0.970
0.887
0.880
0.884
0.976
0.894
0.890
0.858
0.992
0.876
0.902
0.886
0.950
0.815
0.922
0.886
0.978
0.878
0.889
0.858
0.988
0.885
0.876
0.838
0.964
0.885
0.873
0.791
0.974
0.916
0.890
0.776
0.928
0.797
0.851
0.835
0.954
0.818
0.826
0.864
0.962
0.795
0.815
0.737
0.941
0.917
0.906
0.829
0.949
0.749
0.856
0.830
0.971
0.834
0.846
0.816
0.951
0.743
0.800
0.623
0.947
0.887
0.894
0.833
0.947
0.719
0.827
0.828
0.968
0.712
0.835
0.798
0.951
0.686
0.855
0.706
0.953
0.896
0.883
0.822
0.952
0.775
0.841
0.805
0.941
0.757
0.797
0.824
0.959
0.820
0.855
0.722
0.985
0.794
0.913
0.899
0.976
0.861
0.901
0.868
0.988
0.876
0.897
0.849
0.972
0.879
0.893
0.854
0.992
0.870
0.896
0.878
0.958
0.866
0.890
0.843
0.975
0.879
0.902
0.833
0.973
0.886
0.885
0.829
0.989
0.896
0.902
0.875
0.975
0.880
0.879
0.883
0.982
0.887
0.884
0.863
1.000
0.886
0.890
0.887
0.965
0.834
0.910
0.885
0.977
0.880
0.879
0.866
0.984
0.892
0.873
0.843
0.965
0.891
0.866
0.814
0.877
0.801
0.809
0.776
0.778
0.797
0.795
0.763
0.784
0.768
0.758
0.786
0.725
0.789
0.741
0.684
0.729
0.825
0.796
0.790
0.775
0.696
0.818
0.715
0.821
0.759
0.749
0.777
0.788
0.519
0.400
0.721
0.778
0.784
0.830
0.834
0.780
0.780
0.773
0.873
0.776
0.772
0.816
0.833
0.719
0.798
0.697
0.485
0.604
0.579
0.350
0.270
0.397
0.183
0.431
0.614
0.390
0.311
0.650
0.552
0.543
0.597
0.532
0.307
0.637
0.212
0.829
0.058
0.000
0.354
0.768
0.885
0.893
0.968
0.885
0.892
0.864
0.980
0.898
0.864
0.879
0.960
0.897
0.876
0.820
0.984
0.872
0.881
0.890
0.972
0.895
0.882
0.856
0.962
0.884
0.873
0.858
0.984
0.888
0.881
0.853
0.967
0.899
0.887
0.865
0.963
0.884
0.885
0.874
0.980
0.892
0.890
0.872
0.997
0.894
0.898
0.872
0.718
0.257
0.902
0.885
0.976
0.881
0.882
0.871
0.975
0.902
