63
86
3
151
277
220
2
528
477
0
0
0
35
7
0
1
13
4
13
51
0
53
0
4
41
23
27
24
0
26
14
1
9
23
25
28
0
9
25
24
27
32
52
31
51
0
0
35
50
56
41
23
23
1
0
2
33
0
10
0
0
0
46
0
16
24
0
32
32
14
33
0
17
10
3
1
0
2
4
10
1
0
0
42
1
0
29
29
1
0
34
17
0
34
4
0
8
0
7
0
40
17
42
7
13
39
0
37
0
4
23
56
7
0
1
40
37
0
42
1
0
23
24
27
28
0
0
23
32
52
16
4
32
0
51
14
2
15
9
15
36
50
0
18
26
30
41
37
0
36
26
0
26
0
34
35
35
24
7
17
51
27
1
0
1
0
23
9
4
4
31
28
0
21
0
0
4
18
1
0
0
48
51
42
23
31
27
15
25
0
1
27
56
23
25
25
26
0
0
16
42
13
37
0
47
41
33
0
14
36
36
15
50
4
37
0
14
0
20
0
26
0
0
13
33
0
51
25
27
33
0
0
51
4
24
51
52
1
0
26
1
11
50
4
51
24
9
28
0
31
28
0
27
27
52
9
24
0
27
51
24
30
36
9
0
2
4
31
51
28
0
32
29
36
0
33
0
32
2
25
27
24
27
18
41
52
41
23
0
11
9
40
7
31
53
26
0
2
9
52
51
31
50
51
30
4
23
28
0
4
31
51
9
0
17
25
31
0
2
27
0
4
0
0
35
35
4
4
13
4
17
1
0
3
1
0
1
0
16
7
29
1
0
13
2
4
35
7
0
2
7
0
40
0
9
51
1
0
25
52
0
11
14
31
28
0
32
4
16
2
30
9
27
33
0
31
52
0
32
0
1
0
28
0
8
0
25
24
51
14
0
9
1
0
25
1
0
0
51
25
15
25
0
25
1
0
11
31
1
0
27
1
0
52
31
36
51
32
0
28
0
0
56
56
26
0
30
16
17
3
3
7
35
4
35
