0.070
0.673
1.254
1.881
2.508
3.135
3.738
4.412
5.016
5.596
6.223
6.850
7.454
8.081
8.684
9.311
9.938
10.519
11.122
11.749
12.353
12.957
13.560
14.164
14.768
15.348
15.952
16.556
17.160
17.763
18.367
18.947
19.551
20.155
20.759
21.362
21.966
22.570
23.174
23.754
24.358
24.961
25.565
26.169
26.773
27.353
27.957
28.561
29.164
29.768
30.348
30.952
31.556
32.160
32.763
33.367
33.971
34.575
35.155
35.759
36.362
36.966
37.570
38.174
38.777
39.358
39.892
40.426
41.030
41.633
42.214
42.818
43.421
44.025
44.606
45.209
45.813
46.417
46.997
47.554
48.112
48.669
49.250
49.876
50.457
50.991
51.525
52.106
52.733
53.313
53.917
54.428
54.962
55.565
56.169
56.773
57.377
57.980
58.584
59.188
59.768
60.372
60.976
61.579
62.183
62.787
63.367
63.971
64.551
65.178
65.782
66.386
66.966
67.570
68.174
68.778
69.358
69.962
70.565
71.169
71.773
72.377
72.957
73.561
74.165
74.768
75.372
75.976
76.579
77.160
77.764
78.507
79.110
79.714
80.318
80.922
81.525
82.129
82.709
83.313
83.917
84.497
85.055
85.635
86.216
86.796
87.377
87.980
88.561
89.165
89.768
90.372
90.953
91.556
92.160
92.764
93.367
93.971
94.575
95.179
95.759
96.363
96.967
97.570
98.174
98.778
99.358
99.962
100.566
101.169
101.773
102.377
102.957
103.561
104.165
104.768
105.372
105.976
106.580
107.183
107.764
108.368
108.971
109.575
110.155
110.759
111.363
111.967
112.570
113.174
113.778
114.358
114.962
115.566
116.169
116.820
117.470
118.143
118.793
119.443
120.070
120.651
121.255
121.858
122.462
123.066
123.669
124.273
124.854
125.457
126.061
126.665
127.269
127.872
128.453
129.057
129.660
130.264
130.868
131.471
132.052
132.656
133.259
133.863
134.467
135.047
135.651
136.255
136.858
137.462
138.043
