0.000
0.000
0.000
0.704
0.456
0.642
0.505
0.434
0.480
0.525
0.487
0.458
0.510
0.494
0.500
0.463
0.504
0.484
0.521
0.497
0.526
0.526
0.776
0.598
0.549
0.639
0.284
0.381
0.511
0.346
0.439
0.328
0.363
0.465
0.509
0.549
0.438
0.473
0.378
0.380
0.473
0.877
0.714
0.708
0.641
0.468
0.509
0.404
0.469
0.462
0.438
0.504
0.419
0.430
0.557
0.428
0.589
0.532
0.411
0.513
0.682
0.892
1.000
0.931
0.905
0.927
0.949
0.876
0.877
0.914
0.850
0.904
0.830
0.825
0.913
0.856
0.857
0.905
0.881
0.866
0.821
0.917
0.860
0.882
0.887
0.887
0.844
0.817
0.820
0.907
0.820
0.847
0.884
0.827
0.810
0.868
0.926
0.125
0.397
0.930
0.817
0.828
0.888
0.895
0.915
0.876
0.795
0.862
0.898
0.823
0.831
0.820
0.861
0.830
0.819
0.867
0.866
0.838
0.892
0.893
0.842
0.821
0.869
0.801
0.800
0.806
0.800
0.903
0.810
0.860
0.870
0.910
0.904
0.827
0.896
0.823
0.897
0.946
0.919
0.909
0.828
0.806
0.861
0.824
0.866
0.898
0.785
0.770
0.862
0.856
0.830
0.918
0.761
0.812
0.831
0.849
0.726
0.829
0.732
0.906
0.867
0.822
0.944
0.842
0.709
0.948
0.828
0.820
0.818
0.866
0.818
0.817
0.816
0.101
0.000
0.000
0.895
0.992
0.972
0.769
0.977
0.977
0.843
0.942
0.971
0.903
0.984
0.984
0.818
0.963
0.982
0.875
0.985
0.961
0.749
0.985
0.985
0.850
0.946
0.967
0.922
0.980
0.971
0.795
0.989
0.969
0.866
0.987
0.976
0.766
0.970
0.979
0.741
0.787
0.797
0.798
0.840
0.491
0.795
0.967
0.977
0.861
0.981
0.813
0.776
0.973
0.988
0.852
0.948
0.865
0.850
0.937
0.756
0.804
0.894
0.871
0.714
0.852
0.778
0.597
0.613
0.442
0.339
0.522
0.390
0.277
0.204
0.151
0.030
0.000
0.000
0.000
0.000
0.530
0.407
0.395
0.215
0.877
0.721
0.654
0.538
0.475
0.300
0.142
0.103
0.000
0.000
0.000
0.000
0.000
0.000
0.000
0.000
0.000
0.000
0.027
0.253
0.593
0.695
0.476
0.320
0.337
0.155
0.154
0.000
0.000
0.000
0.000
0.000
0.000
0.000
0.000
0.000
0.000
0.000
0.000
