0.023
0.534
1.022
1.533
2.020
2.531
3.019
3.529
4.017
4.528
5.016
5.526
6.014
6.525
6.943
7.361
7.361
9.056
9.056
9.520
10.031
10.519
11.029
11.517
12.028
12.516
13.026
13.514
14.025
14.512
15.023
15.534
16.022
16.533
17.020
17.438
18.019
18.530
19.017
19.528
20.016
20.526
21.014
21.525
22.013
22.523
23.034
23.522
24.033
24.520
25.031
25.519
26.030
26.517
27.028
27.516
28.026
28.514
29.025
29.513
30.023
30.534
31.022
31.533
32.020
32.531
33.019
33.530
34.017
34.528
35.016
35.527
36.014
36.525
37.013
37.523
38.034
38.522
39.033
39.520
40.031
40.519
41.030
41.517
42.028
42.516
43.027
43.514
44.025
44.513
45.023
45.534
46.022
46.533
47.020
47.531
48.019
48.530
49.017
49.528
50.016
50.527
51.014
51.525
52.013
52.524
53.034
53.522
54.033
54.520
55.031
55.519
56.030
56.517
57.028
57.516
58.027
58.514
59.025
59.513
60.024
60.534
61.022
61.533
62.020
62.531
63.019
63.530
64.017
64.528
65.016
65.527
66.014
66.525
67.013
67.524
68.034
68.522
69.033
69.521
70.031
70.519
71.030
71.517
72.028
72.516
73.027
73.514
74.025
74.513
75.024
75.535
76.022
76.533
77.021
77.531
78.019
78.530
79.018
79.528
80.016
80.527
81.014
81.525
82.013
82.524
83.035
83.522
84.033
84.521
85.031
85.519
86.030
86.518
87.028
87.516
88.027
88.514
89.025
89.513
90.024
90.535
91.022
91.533
92.021
92.532
93.019
93.530
94.018
94.528
95.016
95.527
96.015
96.525
97.013
97.524
98.035
98.522
99.033
99.521
100.032
100.519
101.030
101.518
102.028
102.516
103.027
103.515
104.025
104.513
105.024
105.535
106.022
106.533
107.021
107.532
108.019
108.530
109.018
109.529
110.016
110.527
111.015
111.525
112.013
112.524
113.035
113.522
114.033
114.521
115.032
115.519
116.030
116.518
117.029
117.516
118.027
118.515
119.025
119.513
120.024
120.535
121.022
121.533
122.021
122.532
123.019
123.530
124.018
124.529
125.016
125.527
126.015
126.526
127.013
127.524
128.035
128.522
129.033
129.521
130.032
130.519
131.030
131.518
132.029
132.516
133.027
133.515
134.026
134.513
135.024
135.512
136.022
136.533
137.021
137.532
138.019
138.530
139.018
139.529
140.016
140.666
