0.070
0.813
0.975
3.483
3.738
3.994
4.156
4.412
4.690
5.016
5.550
10.379
10.844
12.934
13.096
13.235
13.398
13.560
14.141
14.280
14.443
14.605
14.745
14.907
15.348
15.488
15.627
15.790
15.952
16.091
16.231
16.556
17.740
17.879
18.042
18.204
18.646
18.947
19.087
19.249
20.155
20.294
20.434
20.735
21.037
21.339
21.641
21.943
22.245
22.547
22.709
22.848
23.150
23.429
23.754
24.033
24.335
24.636
24.938
25.170
25.542
25.844
26.146
26.448
26.749
27.051
27.330
27.632
27.934
28.235
28.537
28.839
29.141
29.443
29.745
30.023
30.209
30.325
30.488
30.650
30.790
30.952
31.092
31.254
31.393
31.533
31.695
31.858
31.997
32.136
32.299
32.438
32.601
32.740
32.903
33.042
33.205
33.344
33.506
33.646
33.808
33.948
34.110
34.249
34.412
34.551
34.714
35.132
35.294
35.457
35.596
35.736
35.898
36.037
36.339
36.641
36.804
36.966
37.105
37.245
37.547
38.011
38.452
38.754
39.056
39.358
39.636
39.799
39.962
40.101
40.240
40.403
40.542
40.705
40.844
41.006
41.146
41.308
41.448
41.610
41.749
41.912
42.051
42.214
42.516
42.818
43.096
43.236
44.002
44.304
44.443
44.606
48.506
48.646
48.855
49.226
49.691
49.853
50.132
50.457
50.596
51.200
51.363
51.502
51.641
52.106
53.290
53.917
54.497
54.938
55.240
55.403
55.565
55.705
56.007
56.146
56.448
56.912
57.353
57.493
57.655
57.957
58.236
58.421
58.863
59.304
59.466
59.745
60.047
60.209
60.372
60.674
60.790
60.952
61.254
61.579
61.695
62.299
62.438
62.903
63.367
64.110
64.551
64.853
64.993
65.178
65.457
65.596
65.759
66.038
66.363
66.502
66.966
67.106
67.268
67.570
67.849
68.011
68.151
68.313
68.452
68.778
68.917
69.056
69.358
69.660
69.962
70.264
70.565
70.844
71.169
71.308
71.448
71.610
71.750
72.052
72.353
72.516
72.655
72.934
73.538
73.839
74.141
74.443
74.745
75.047
75.349
75.651
75.952
76.254
76.556
76.858
77.137
77.439
77.740
78.042
78.205
78.507
78.669
78.809
78.948
79.110
79.250
79.412
79.552
79.714
79.853
80.016
80.155
80.318
80.457
80.620
80.759
80.922
81.061
81.223
81.363
81.525
81.665
81.827
81.966
82.129
82.268
82.408
82.570
82.709
82.872
87.052
87.655
88.120
88.259
88.538
88.863
89.025
89.165
89.443
89.745
90.047
90.349
90.511
90.651
90.953
91.254
91.556
91.858
92.160
92.323
92.462
92.764
92.903
93.066
93.344
93.646
93.809
94.250
94.412
94.552
94.854
95.155
95.318
95.457
95.759
96.061
96.363
96.641
96.827
96.967
97.268
97.408
97.570
97.872
98.151
98.453
98.615
98.754
99.056
99.219
99.358
99.660
99.962
100.124
100.241
100.542
100.844
101.169
101.448
101.611
101.773
101.912
102.075
102.214
102.516
102.655
102.934
103.259
103.561
103.863
104.025
104.141
104.443
104.768
104.908
105.372
105.581
105.953
106.231
106.858
106.998
107.299
107.439
107.601
107.741
108.344
108.646
108.809
108.971
109.111
109.273
109.552
109.714
109.854
110.016
110.155
110.457
110.759
111.061
111.363
111.665
111.967
112.106
112.245
112.547
112.849
113.151
113.453
113.615
113.755
114.056
114.358
114.498
115.705
116.146
116.448
117.005
118.817
119.258
119.443
119.722
120.047
120.512
120.651
120.953
121.092
121.231
121.556
121.696
121.835
122.137
122.300
122.439
122.764
122.903
123.043
123.344
123.484
123.646
124.087
124.250
124.552
124.691
124.830
125.156
125.295
125.434
125.736
125.875
126.038
126.200
126.340
126.479
126.642
126.943
127.083
127.222
127.408
127.547
127.687
127.849
128.128
128.290
128.430
128.755
128.894
129.033
129.358
129.498
129.637
130.101
130.241
130.543
130.682
130.844
131.007
131.146
131.286
131.425
131.750
131.889
132.029
132.214
132.354
132.493
132.632
132.934
133.074
133.236
133.561
133.677
133.840
134.002
134.142
134.304
134.444
134.885
135.024
135.326
135.488
135.628
135.790
135.953
136.092
136.231
136.533
136.696
136.835
136.998
137.137
137.300
137.439
137.741
137.880
138.043
138.205
138.344
138.646
