0.733
0.970
0.745
0.734
0.652
0.522
0.552
0.538
0.457
0.403
0.266
0.200
0.178
0.148
0.244
0.454
0.626
0.845
0.849
0.536
0.460
0.381
0.275
0.272
0.225
0.243
0.202
0.174
0.147
0.282
0.299
0.425
0.580
0.826
0.766
0.647
0.659
0.689
0.615
0.616
0.634
0.693
0.658
0.674
0.611
0.677
0.647
0.675
0.647
0.647
0.565
0.558
0.600
0.569
0.569
0.591
0.599
0.611
0.620
0.594
0.605
0.624
0.585
0.629
0.624
0.623
0.686
0.611
0.636
0.643
0.578
0.643
0.611
0.646
0.669
0.654
0.736
0.667
0.625
0.639
0.613
0.611
0.691
0.755
0.811
0.706
0.803
0.762
0.796
0.803
0.784
0.693
0.790
0.814
0.796
0.689
0.821
0.845
0.815
0.742
0.766
0.816
0.797
0.746
0.802
0.714
0.806
0.719
0.816
0.806
0.854
0.728
0.799
0.837
0.812
0.680
0.725
0.758
0.718
0.651
0.729
0.620
0.718
0.650
0.610
0.625
0.628
0.657
0.606
0.538
0.522
0.582
0.530
0.550
0.599
0.666
0.637
0.671
0.644
0.665
0.672
0.694
0.706
0.654
0.669
0.876
0.853
0.645
0.719
0.730
0.722
0.659
0.697
0.640
0.698
0.663
0.746
0.733
0.722
0.653
0.712
0.724
0.736
0.691
0.753
0.730
0.719
0.667
0.713
0.681
0.719
0.668
0.688
0.720
0.741
0.682
0.763
0.697
0.665
0.733
0.808
0.660
0.740
0.677
0.688
0.628
0.688
0.639
0.709
0.749
0.725
0.626
0.718
0.670
0.786
0.685
0.489
0.467
0.478
0.233
0.250
0.249
0.223
0.209
0.226
0.230
0.231
0.194
0.232
0.216
0.217
0.199
0.240
0.227
0.233
0.207
0.233
0.234
0.234
0.207
0.209
0.233
0.248
0.212
0.227
0.222
0.241
0.220
0.219
0.238
0.254
