0.023 17.507
0.534 30.941
1.022 28.512
1.533 26.702
2.020 23.140
2.531 18.283
3.019 16.436
3.529 18.345
4.017 12.910
4.528 11.468
5.016 11.589
5.526 6.664
6.014 4.106
6.525 2.856
6.943 3.177
7.361 2.609
7.361 2.609
9.056 2.697
9.056 2.697
9.520 9.750
10.031 17.364
10.519 17.560
11.029 20.584
11.517 14.116
12.028 15.997
12.516 9.363
13.026 21.759
13.514 11.381
14.025 16.996
14.512 16.769
15.023 19.504
15.534 19.462
16.022 11.042
16.533 10.208
17.020 6.169
17.438 3.344
18.019 25.518
18.530 13.036
19.017 14.694
19.528 21.266
20.016 20.598
20.526 27.443
21.014 20.340
21.525 13.598
22.013 16.754
22.523 20.027
23.034 15.204
23.522 15.988
24.033 18.699
24.520 15.858
25.031 14.523
25.519 15.271
26.030 17.083
26.517 19.197
27.028 20.217
27.516 22.640
28.026 19.174
28.514 15.934
29.025 12.797
29.513 15.512
30.023 22.011
30.534 14.499
31.022 18.058
31.533 24.927
32.020 23.232
32.531 15.588
33.019 20.310
33.530 25.105
34.017 17.418
34.528 23.472
35.016 27.217
35.527 20.956
36.014 22.767
36.525 26.173
37.013 22.586
37.523 21.480
38.034 25.257
38.522 21.737
39.033 22.299
39.520 23.151
40.031 26.459
40.519 25.191
41.030 26.574
41.517 22.537
42.028 23.215
42.516 26.586
43.027 27.856
43.514 24.636
44.025 25.004
44.513 26.754
45.023 23.709
45.534 25.774
46.022 25.141
46.533 25.191
47.020 26.779
47.531 27.504
48.019 26.363
48.530 19.097
49.017 25.096
49.528 25.870
50.016 26.926
50.527 29.544
51.014 28.284
51.525 31.287
52.013 26.505
52.524 32.185
53.034 32.800
53.522 28.014
54.033 28.689
54.520 31.147
55.031 29.600
55.519 27.296
56.030 28.715
56.517 31.163
57.028 30.409
57.516 34.222
58.027 30.207
58.514 27.949
59.025 27.667
59.513 27.943
60.024 29.703
60.534 29.614
61.022 29.839
61.533 29.115
62.020 29.479
62.531 30.055
63.019 28.516
63.530 29.674
64.017 24.993
64.528 28.150
65.016 33.514
65.527 28.755
66.014 27.836
66.525 29.781
67.013 30.455
67.524 27.704
68.034 28.795
68.522 27.619
69.033 27.843
69.521 26.608
70.031 26.176
70.519 25.965
71.030 28.645
71.517 28.270
72.028 27.717
72.516 29.430
73.027 29.421
73.514 27.633
74.025 29.068
74.513 28.914
75.024 30.261
75.535 28.437
76.022 27.823
76.533 33.476
77.021 23.170
77.531 24.848
78.019 31.254
78.530 33.332
79.018 25.262
79.528 32.333
80.016 32.662
80.527 31.295
81.014 30.086
81.525 33.390
82.013 29.010
82.524 28.702
83.035 32.393
83.522 31.289
84.033 33.999
84.521 29.797
85.031 28.385
85.519 31.566
86.030 28.616
86.518 37.272
87.028 31.290
87.516 24.901
88.027 26.177
88.514 28.351
89.025 30.810
89.513 27.550
90.024 30.472
90.535 30.631
91.022 28.280
91.533 28.061
92.021 28.249
92.532 27.904
93.019 28.115
93.530 30.165
94.018 30.101
94.528 29.345
95.016 29.664
95.527 28.872
96.015 26.592
96.525 28.593
97.013 27.932
97.524 27.296
98.035 28.947
98.522 29.325
99.033 28.415
99.521 30.266
100.032 24.559
100.519 30.584
101.030 30.881
101.518 27.638
102.028 29.874
102.516 28.699
103.027 29.181
103.515 29.098
104.025 30.916
104.513 28.322
105.024 30.563
105.535 30.354
106.022 29.616
106.533 28.583
107.021 30.518
107.532 31.167
108.019 28.230
108.530 26.433
109.018 29.616
109.529 28.868
110.016 30.698
110.527 27.207
111.015 31.384
111.525 30.512
112.013 30.102
112.524 28.187
113.035 30.325
113.522 27.435
114.033 31.688
114.521 30.306
115.032 28.820
115.519 23.539
116.030 23.853
116.518 26.449
117.029 19.731
117.516 16.978
118.027 10.617
118.515 21.330
119.025 22.007
119.513 17.617
120.024 21.627
120.535 20.665
121.022 19.799
121.533 14.493
122.021 10.227
122.532 18.289
123.019 15.164
123.530 19.170
124.018 15.583
124.529 15.159
125.016 15.911
125.527 18.138
126.015 24.897
126.526 13.518
127.013 14.385
127.524 15.577
128.035 15.629
128.522 16.739
129.033 19.770
129.521 13.885
130.032 12.393
130.519 24.499
131.030 18.767
131.518 14.382
132.029 18.187
132.516 16.130
133.027 11.972
133.515 13.008
134.026 18.204
134.513 19.654
135.024 18.785
135.512 23.293
136.022 19.965
136.533 14.738
137.021 13.419
137.532 16.973
138.019 16.315
138.530 12.216
139.018 9.089
139.529 9.184
140.016 3.589
140.666 2.907
