6.965986394557822925e-02
6.733786848072562670e-01
1.253877551020408099e+00
1.880816326530612148e+00
2.507755102040816197e+00
3.134693877551020247e+00
3.738412698412698632e+00
4.411791383219954454e+00
5.015510204081632395e+00
5.596009070294784671e+00
6.222947845804988276e+00
6.849886621315192770e+00
7.453605442176870710e+00
8.080544217687075204e+00
8.684263038548753144e+00
9.311201814058957638e+00
9.938140589569160355e+00
1.051863945578231352e+01
1.112235827664399146e+01
1.174929705215419418e+01
1.235301587301587389e+01
1.295673469387755183e+01
1.356045351473922977e+01
1.416417233560090772e+01
1.476789115646258566e+01
1.534839002267573704e+01
1.595210884353741498e+01
1.655582766439909292e+01
1.715954648526077264e+01
1.776326530612244881e+01
1.836698412698412852e+01
1.894748299319727991e+01
1.955120181405895607e+01
2.015492063492063579e+01
2.075863945578231196e+01
2.136235827664399167e+01
2.196607709750566784e+01
2.256979591836734755e+01
2.317351473922902372e+01
2.375401360544217511e+01
2.435773242630385482e+01
2.496145124716553454e+01
2.556517006802721070e+01
2.616888888888889042e+01
2.677260770975056658e+01
2.735310657596371797e+01
2.795682539682539769e+01
2.856054421768707385e+01
2.916426303854875357e+01
2.976798185941042973e+01
3.034848072562358112e+01
3.095219954648526084e+01
3.155591836734693700e+01
3.215963718820862027e+01
3.276335600907029288e+01
3.336707482993197260e+01
3.397079365079365232e+01
3.457451247165533204e+01
3.515501133786847987e+01
3.575873015873015959e+01
3.636244897959183930e+01
3.696616780045351192e+01
3.756988662131519163e+01
3.817360544217687135e+01
3.877732426303855107e+01
3.935782312925169890e+01
3.989188208616779718e+01
4.042594104308390257e+01
4.102965986394557518e+01
4.163337868480725490e+01
4.221387755102040984e+01
4.281759637188208956e+01
4.342131519274376217e+01
4.402503401360544188e+01
4.460553287981859683e+01
4.520925170068026944e+01
4.581297052154194915e+01
4.641668934240362887e+01
4.699718820861677671e+01
4.755446712018140687e+01
4.811174603174602993e+01
4.866902494331066009e+01
4.924952380952380793e+01
4.987646258503401242e+01
5.045696145124716736e+01
5.099102040816326564e+01
5.152507936507936392e+01
5.210557823129251886e+01
5.273251700680272336e+01
5.331301587301587119e+01
5.391673469387755091e+01
5.442757369614512442e+01
5.496163265306122270e+01
5.556535147392290241e+01
5.616907029478458213e+01
5.677278911564626185e+01
5.737650793650793446e+01
5.798022675736961418e+01
5.858394557823129389e+01
5.918766439909297361e+01
5.976816326530612145e+01
6.037188208616780116e+01
6.097560090702948088e+01
6.157931972789115349e+01
6.218303854875283321e+01
6.278675736961451292e+01
6.336725623582766787e+01
6.397097505668934048e+01
6.455147392290248831e+01
6.517841269841269991e+01
6.578213151927437252e+01
6.638585034013605934e+01
6.696634920634920718e+01
6.757006802721087979e+01
6.817378684807256661e+01
6.877750566893423922e+01
6.935800453514738706e+01
6.996172335600907388e+01
7.056544217687074649e+01
7.116916099773243332e+01
7.177287981859410593e+01
7.237659863945577854e+01
7.295709750566894058e+01
7.356081632653061320e+01
7.416453514739228581e+01
7.476825396825397263e+01
7.537197278911564524e+01
7.597569160997731785e+01
7.657941043083900468e+01
7.715990929705215251e+01
7.776362811791382512e+01
7.850666666666666060e+01
7.911038548752834743e+01
7.971410430839002004e+01
8.031782312925170686e+01
8.092154195011337947e+01
8.152526077097505208e+01
8.212897959183673890e+01
8.270947845804988674e+01
8.331319727891155935e+01
8.391691609977324617e+01
8.449741496598639401e+01
8.505469387755101707e+01
8.563519274376417911e+01
8.621569160997732695e+01
8.679619047619047478e+01
8.737668934240362262e+01
8.798040816326530944e+01
8.856090702947845728e+01
8.916462585034012989e+01
8.976834467120181671e+01
9.037206349206348932e+01
9.095256235827663716e+01
9.155628117913832398e+01
9.215999999999999659e+01
9.276371882086168341e+01
9.336743764172335602e+01
9.397115646258502863e+01
9.457487528344671546e+01
9.517859410430838807e+01
9.575909297052153590e+01
9.636281179138322273e+01
9.696653061224489534e+01
9.757024943310658216e+01
9.817396825396825477e+01
9.877768707482992738e+01
9.935818594104308943e+01
9.996190476190476204e+01
1.005656235827664347e+02
1.011693424036281215e+02
1.017730612244897941e+02
1.023767800453514809e+02
1.029572789115646287e+02
1.035609977324263014e+02
1.041647165532879882e+02
1.047684353741496608e+02
1.053721541950113334e+02
1.059758730158730202e+02
1.065795918367346928e+02
1.071833106575963654e+02
1.077638095238095275e+02
1.083675283446712001e+02
1.089712471655328727e+02
1.095749659863945595e+02
1.101554648526077074e+02
1.107591836734693942e+02
1.113629024943310668e+02
1.119666213151927394e+02
1.125703401360544262e+02
1.131740589569160989e+02
1.137777777777777715e+02
1.143582766439909335e+02
1.149619954648526061e+02
1.155657142857142787e+02
1.161694331065759656e+02
1.168195918367346877e+02
1.174697505668934241e+02
1.181431292517006852e+02
1.187932879818594074e+02
1.194434467120181438e+02
1.200703854875283412e+02
1.206508843537415032e+02
1.212546031746031758e+02
1.218583219954648484e+02
1.224620408163265353e+02
1.230657596371882079e+02
1.236694784580498805e+02
1.242731972789115673e+02
1.248536961451247151e+02
1.254574149659863878e+02
1.260611337868480746e+02
1.266648526077097472e+02
1.272685714285714340e+02
1.278722902494331066e+02
1.284527891156462545e+02
1.290565079365079271e+02
1.296602267573696281e+02
1.302639455782313007e+02
1.308676643990929733e+02
1.314713832199546459e+02
1.320518820861678080e+02
1.326556009070294806e+02
1.332593197278911532e+02
1.338630385487528258e+02
1.344667573696144984e+02
1.350472562358276605e+02
1.356509750566893331e+02
1.362546938775510341e+02
1.368584126984127067e+02
1.374621315192743793e+02
1.380426303854875414e+02
