0.350
0.532
0.328
0.487
0.463
0.187
0.480
0.200
0.470
0.435
0.334
0.452
0.338
0.627
0.457
0.214
0.459
0.442
0.205
0.437
0.265
0.612
0.347
0.636
0.518
0.508
0.325
0.721
0.152
0.469
0.487
0.668
0.395
0.213
0.429
0.689
0.383
0.704
0.391
0.666
0.449
0.473
0.497
0.668
0.480
0.817
0.424
0.689
0.478
0.518
0.506
0.659
0.872
0.936
0.948
0.665
0.458
0.232
0.398
0.565
0.931
0.996
0.503
0.610
0.484
0.358
0.872
0.660
0.924
0.795
0.965
0.872
0.598
0.831
0.931
1.000
0.606
0.574
0.417
0.352
0.460
0.991
0.352
0.347
0.625
0.641
0.591
0.681
0.682
0.992
0.818
0.894
0.702
0.600
0.493
0.509
0.663
0.832
0.643
0.680
0.652
0.653
0.484
0.542
0.619
0.901
0.792
0.854
0.651
0.412
0.400
0.407
0.609
0.884
0.733
0.425
0.634
0.401
0.601
0.776
0.578
0.813
0.723
0.773
0.764
0.522
0.504
0.512
0.576
0.829
0.467
0.338
0.353
0.511
0.413
0.279
0.463
0.193
0.486
0.524
0.327
0.320
0.358
0.606
0.360
0.242
0.511
0.366
0.138
0.251
0.000
0.716
0.372
0.584
0.469
0.452
0.385
0.694
0.798
0.783
0.907
0.614
0.637
0.934
0.765
0.911
0.784
0.542
0.360
0.293
0.596
0.887
0.697
0.846
0.661
0.531
0.720
0.734
0.715
0.908
0.771
0.922
0.644
0.698
0.618
0.655
0.588
0.851
0.586
0.535
0.594
0.788
0.596
0.622
0.673
0.880
0.788
0.934
0.855
0.541
0.321
0.404
0.720
0.880
0.808
0.461
0.601
0.441
0.666
0.647
0.592
0.836
0.887
0.953
0.662
0.639
0.174
0.534
0.560
0.932
0.882
0.553
0.599
0.642
0.516
0.901
0.706
0.847
0.762
0.954
0.879
0.568
0.556
0.749
0.714
0.674
0.760
0.518
0.562
0.609
0.544
0.564
0.734
0.748
0.756
0.906
0.593
0.405
0.495
0.430
0.657
0.802
0.695
0.560
0.640
0.623
0.476
0.747
0.660
0.898
0.753
0.842
0.735
0.499
0.623
0.375
0.593
0.848
0.686
0.558
0.666
0.465
0.592
0.514
0.572
0.786
0.815
0.891
0.592
0.487
0.533
0.376
0.586
0.802
0.755
0.650
0.705
0.511
0.502
0.799
0.613
0.926
0.735
0.825
0.718
0.675
0.509
0.326
0.620
0.811
0.641
0.574
0.599
0.476
0.472
0.416
0.637
0.804
0.740
0.892
0.657
0.391
0.475
0.490
0.609
0.901
0.694
0.471
0.579
0.626
0.495
0.489
0.404
0.342
0.539
0.535
0.299
0.506
0.316
0.048
0.213
0.011
0.512
0.471
0.314
0.506
0.475
0.231
0.387
0.248
0.473
0.502
