0.209
0.743
1.277
1.811
2.345
2.879
3.390
3.924
4.458
4.992
5.526
6.107
6.687
7.268
7.802
8.336
8.870
9.404
9.938
10.472
10.983
11.517
12.051
12.562
13.096
13.630
14.164
14.675
15.232
15.743
16.277
16.811
17.345
17.856
18.390
18.924
19.458
19.992
20.526
21.037
21.571
22.105
22.639
23.150
23.684
24.218
24.752
25.287
25.797
26.331
26.865
27.400
27.934
28.444
28.979
29.513
30.047
30.581
31.092
31.626
32.160
32.694
33.228
33.739
34.273
34.807
35.341
35.875
36.386
36.920
37.454
37.988
38.684
39.219
39.753
40.287
40.797
41.332
41.866
42.400
42.934
43.445
43.979
44.513
45.047
45.558
46.092
46.626
47.160
47.694
48.228
48.739
49.273
49.807
50.341
50.875
51.386
51.920
52.454
52.988
53.522
54.033
54.567
55.101
55.635
56.169
56.680
57.214
57.748
58.282
58.816
59.350
59.861
60.395
60.929
61.463
61.974
62.508
63.019
63.576
64.110
64.621
65.155
65.689
66.223
66.757
67.291
67.802
68.336
68.870
69.381
69.915
70.449
70.983
71.517
72.052
72.586
73.096
73.630
74.165
74.699
75.279
75.860
76.440
76.974
77.508
78.042
78.576
79.087
79.621
80.155
80.689
81.223
81.734
82.268
82.802
83.336
83.870
84.381
84.915
85.449
85.983
86.680
87.214
87.748
88.282
88.793
89.327
89.861
90.395
90.929
91.440
91.974
92.508
93.042
93.576
94.110
94.621
95.155
95.689
96.223
96.734
97.268
97.802
98.337
98.871
99.405
99.915
100.450
100.984
101.518
102.052
102.563
103.097
103.631
104.165
104.699
105.210
105.744
106.278
106.812
107.346
107.857
108.391
108.925
109.459
109.993
110.504
111.038
111.572
112.106
112.640
113.151
113.685
114.219
114.753
115.287
115.821
116.332
116.866
117.400
117.934
118.445
118.979
119.513
120.047
120.581
121.092
121.626
122.160
122.694
123.228
123.762
124.273
124.807
125.341
125.875
126.409
126.920
127.454
127.988
128.522
129.033
129.567
130.101
130.635
131.170
131.680
132.214
132.748
133.283
133.793
134.327
134.861
135.396
135.930
136.440
136.975
137.509
138.043
138.577
139.111
139.622
140.156
140.690
141.224
141.758
142.269
142.803
143.337
143.871
144.382
144.916
145.450
145.984
146.518
147.052
147.563
148.097
148.631
149.165
149.699
150.210
150.744
151.278
151.812
152.323
152.857
153.391
153.925
154.459
154.970
155.504
156.038
156.572
157.106
157.640
158.151
158.685
159.219
159.753
160.287
160.798
161.332
161.866
162.400
162.911
163.445
163.979
164.513
165.047
165.581
166.116
166.626
167.160
167.695
168.229
168.763
169.273
169.808
170.342
170.876
171.386
171.921
172.455
172.989
173.523
174.034
174.568
175.102
175.636
176.170
176.681
177.215
177.749
178.260
178.794
179.328
179.862
180.396
180.930
181.464
