0.171
0.135
0.173
0.152
0.141
0.187
0.162
0.148
0.162
0.165
0.174
0.159
0.169
0.179
0.176
0.197
0.147
0.168
0.200
0.166
0.185
0.592
0.601
0.534
0.580
0.590
0.628
0.497
0.611
0.601
0.649
0.517
0.528
0.521
0.671
0.511
0.575
0.262
0.538
0.526
0.588
0.601
0.628
0.729
0.629
0.733
0.567
0.549
0.527
0.397
0.565
0.543
0.397
0.504
0.447
0.545
0.583
0.466
0.578
0.530
0.393
0.366
0.413
0.540
0.462
0.403
0.434
0.577
0.469
0.504
0.446
0.466
0.544
0.433
0.436
0.425
0.523
0.615
0.459
0.571
0.585
0.451
0.671
0.523
0.540
0.497
0.662
0.534
0.587
0.399
0.466
0.495
0.486
0.558
0.473
0.504
0.491
0.451
0.407
0.418
0.540
0.465
0.374
0.510
0.539
0.401
0.491
0.446
0.505
0.654
0.527
0.527
0.523
0.396
0.380
0.416
0.523
0.509
0.412
0.429
0.546
0.471
0.468
0.436
0.441
0.503
0.465
0.552
0.536
0.415
0.606
0.541
0.373
0.278
0.261
0.245
0.185
0.182
0.179
0.177
0.199
0.174
0.185
0.181
0.179
0.195
0.155
0.172
0.201
0.172
0.219
0.532
0.474
0.528
0.420
0.167
0.555
0.519
0.509
0.499
0.455
0.505
0.514
0.415
0.450
0.417
0.499
0.628
0.440
0.580
0.542
0.512
0.494
0.412
0.483
0.307
0.136
0.486
0.495
0.370
0.398
0.468
0.474
0.532
0.330
0.428
0.546
0.436
0.369
0.421
0.525
0.410
0.648
0.549
0.563
0.449
0.474
0.460
0.461
0.574
0.447
0.523
0.489
0.441
0.409
0.457
0.553
0.531
0.350
0.535
0.570
0.387
0.508
0.470
0.531
0.578
0.520
0.526
0.552
0.405
0.397
0.421
0.530
0.466
0.398
0.436
0.545
0.474
0.511
0.442
0.459
0.532
0.406
0.525
0.538
0.534
0.573
0.520
0.528
0.424
0.352
0.472
0.512
0.449
0.459
0.420
0.534
0.602
0.526
0.551
0.541
0.507
0.437
0.485
0.552
0.428
0.400
0.491
0.556
0.401
0.457
0.405
0.490
0.593
0.444
0.539
0.558
0.493
0.438
0.506
0.521
0.503
0.364
0.544
0.515
0.414
0.390
0.500
0.537
0.641
0.527
0.520
0.515
0.423
0.386
0.477
0.532
0.528
0.358
0.454
0.542
0.489
0.477
0.467
0.461
0.503
0.450
0.591
0.527
0.441
0.530
0.466
0.532
0.426
0.323
0.518
0.505
0.470
0.462
0.445
0.526
0.526
0.469
0.567
0.526
0.361
0.368
0.436
0.542
0.394
0.427
0.537
0.568
0.437
0.302
0.256
0.247
0.188
0.196
0.196
0.191
0.227
0.180
0.193
0.207
0.171
0.156
0.219
0.179
0.166
0.175
0.178
