11.517
11.842
12.214
12.376
12.539
12.748
12.910
13.073
13.259
13.444
13.630
13.793
13.955
14.164
14.327
14.489
14.652
15.023
15.209
15.348
15.581
15.743
15.906
16.068
16.277
16.440
16.602
16.765
16.974
17.160
17.322
17.461
17.856
18.019
18.181
18.390
18.576
18.739
18.878
19.087
19.273
19.435
19.598
19.807
19.969
20.132
20.294
20.526
20.666
20.828
21.014
21.223
21.386
21.548
21.711
21.920
22.105
22.245
22.430
22.639
22.779
22.965
23.127
23.336
23.499
23.661
23.870
24.033
24.218
24.543
25.054
25.240
25.449
25.612
25.937
26.146
26.448
26.657
26.865
27.005
27.353
27.748
27.887
28.073
28.282
28.421
28.746
28.979
29.280
29.489
29.675
29.838
30.023
30.163
30.581
30.697
30.883
31.092
31.254
31.579
31.788
32.113
32.299
32.508
32.670
32.996
33.390
33.530
33.715
33.924
34.064
34.412
34.621
34.923
35.132
35.318
35.503
35.643
35.689
35.852
36.223
36.362
36.548
36.757
36.897
37.245
37.454
37.756
37.965
38.150
38.313
38.638
39.033
39.172
39.358
39.567
39.729
39.915
40.054
40.263
40.588
40.774
40.983
41.146
41.308
41.471
41.866
42.005
42.191
42.400
42.539
42.864
43.096
43.398
43.607
43.793
43.979
44.280
44.675
45.000
45.209
45.395
45.558
45.697
45.929
46.092
46.254
46.463
46.602
46.811
47.113
47.508
47.671
47.856
48.042
48.205
48.530
48.739
49.064
49.250
49.459
49.598
49.807
49.923
49.969
50.341
50.480
50.666
51.014
51.200
51.339
51.572
51.897
52.082
52.268
52.431
52.616
52.756
53.150
53.290
53.476
53.685
53.847
54.033
54.172
54.381
54.706
54.892
55.101
55.240
55.449
55.589
55.983
56.123
56.308
56.517
56.657
56.982
57.214
57.539
57.702
57.911
58.073
58.398
58.816
58.932
59.118
59.490
59.815
60.024
60.349
60.534
60.743
60.906
61.231
61.626
61.765
61.951
62.160
62.322
62.508
62.647
62.856
63.181
63.367
63.553
63.716
63.925
64.041
64.459
64.575
64.760
64.993
65.132
65.457
65.689
66.014
66.177
66.386
66.548
66.757
66.873
67.268
67.408
67.593
67.802
67.965
68.151
68.290
68.499
68.824
69.010
69.219
69.381
71.308
80.643
81.014
81.409
81.548
81.734
81.920
82.083
82.268
82.408
82.617
82.942
83.127
83.336
83.499
83.685
83.824
84.219
84.358
84.544
84.753
84.915
85.101
85.217
85.264
85.449
85.775
85.960
86.146
86.309
86.518
86.634
86.680
87.028
87.168
87.377
87.562
87.725
88.050
88.259
88.584
88.770
88.979
89.141
89.327
89.466
89.861
90.001
90.186
90.395
90.558
90.744
90.883
91.092
91.417
91.603
91.812
91.974
92.160
92.299
92.694
92.833
93.019
93.228
93.367
93.576
93.693
93.739
93.925
94.227
94.412
94.621
94.784
94.970
95.132
95.504
95.643
95.829
96.038
96.200
96.525
96.734
97.059
97.245
97.454
97.617
97.779
97.942
98.337
98.476
98.662
99.010
99.219
99.358
99.567
99.892
100.055
100.287
100.426
100.751
101.146
101.471
101.843
102.168
102.400
102.563
102.702
103.073
103.259
103.584
103.979
104.118
104.304
104.676
105.001
105.210
105.535
105.720
105.906
106.069
106.278
106.394
106.440
106.812
106.951
107.137
107.346
107.508
107.810
108.042
108.344
108.530
108.739
108.902
109.111
109.227
109.645
109.761
109.946
110.318
110.504
110.643
110.852
111.177
111.363
111.572
111.734
112.060
112.454
112.594
112.779
112.988
113.128
113.476
113.685
114.010
114.173
114.381
114.544
114.753
114.869
115.264
115.426
115.589
115.960
116.286
116.495
116.820
117.005
117.214
117.377
117.586
117.702
118.097
118.236
118.422
118.631
118.793
119.118
119.327
119.652
119.815
120.024
120.210
120.395
120.535
120.930
121.069
121.231
121.464
121.603
121.928
122.160
122.462
122.648
122.857
123.019
123.228
123.344
123.739
123.902
124.064
124.273
124.459
124.621
124.761
124.993
125.156
125.318
125.666
125.852
126.015
126.177
126.572
126.711
126.897
127.106
127.245
127.570
127.803
128.128
128.290
128.499
128.662
128.871
128.987
129.382
129.544
129.707
129.916
130.078
130.264
130.403
130.612
130.937
131.123
131.332
131.495
131.680
131.820
132.214
132.354
132.540
132.748
132.888
133.074
133.236
133.445
133.770
133.933
134.142
134.304
134.513
134.653
135.047
135.187
135.349
135.581
135.721
135.930
136.046
136.278
136.603
136.766
136.975
137.137
137.323
137.485
137.857
137.996
138.182
138.553
138.739
138.879
139.088
139.413
139.598
139.807
139.970
140.156
140.295
140.690
140.829
141.015
141.224
141.386
141.688
141.920
142.245
142.408
142.617
142.780
143.105
143.499
143.662
143.824
144.196
144.382
144.521
144.730
145.055
145.241
145.450
145.589
145.798
145.937
146.332
146.471
146.657
146.866
147.029
147.215
147.354
147.563
147.888
148.074
148.283
148.422
148.747
149.304
149.467
149.699
149.838
150.163
150.396
150.698
150.883
151.092
151.255
151.441
151.580
151.998
152.114
152.300
152.509
152.671
152.857
152.996
153.205
153.530
153.716
153.925
154.088
154.250
154.413
154.947
155.133
155.341
155.504
155.806
156.038
156.363
156.526
156.735
156.897
157.106
157.222
157.269
157.617
157.780
157.942
158.314
158.499
158.639
158.848
159.173
159.359
159.568
159.730
160.055
160.450
160.589
160.775
160.984
161.146
161.332
161.472
161.681
162.006
162.191
162.400
162.563
162.749
162.888
163.283
163.422
163.608
163.817
163.956
164.142
164.281
164.513
164.838
165.001
165.210
165.373
165.558
165.721
166.116
166.232
166.417
166.626
166.789
167.114
167.323
167.648
167.834
168.043
168.229
168.391
168.530
168.925
169.250
169.459
169.808
170.156
170.527
170.690
170.876
171.015
