0.000 0.636
0.023 0.641
0.046 0.644
0.070 0.686
0.093 0.814
0.116 0.858
0.139 0.828
0.163 0.844
0.186 0.877
0.209 0.853
0.232 0.874
0.255 0.865
0.279 0.821
0.302 0.857
0.325 0.878
0.348 0.843
0.372 0.820
0.395 0.900
0.418 0.919
0.441 0.908
0.464 0.862
0.488 0.795
0.511 0.794
0.534 0.821
0.557 0.876
0.580 0.915
0.604 0.917
0.627 0.922
0.650 0.965
0.673 0.959
0.697 0.868
0.720 0.799
0.743 0.846
0.766 0.795
0.789 0.802
0.813 0.804
0.836 0.796
0.859 0.841
0.882 0.821
0.906 0.722
0.929 0.740
0.952 0.768
0.975 0.811
0.998 0.826
1.022 0.782
1.045 0.732
1.068 0.743
1.091 0.769
1.115 0.780
1.138 0.756
1.161 0.711
1.184 0.711
1.207 0.697
1.231 0.697
1.254 0.699
1.277 0.734
1.300 0.810
1.324 0.799
1.347 0.744
1.370 0.728
1.393 0.720
1.416 0.711
1.440 0.730
1.463 0.768
1.486 0.744
1.509 0.753
1.533 0.736
1.556 0.720
1.579 0.727
1.602 0.740
1.625 0.745
1.649 0.737
1.672 0.692
1.695 0.700
1.718 0.736
1.741 0.734
1.765 0.763
1.788 0.724
1.811 0.692
1.834 0.673
1.858 0.674
1.881 0.686
1.904 0.674
1.927 0.668
1.950 0.643
1.974 0.668
1.997 0.650
2.020 0.641
2.043 0.657
2.067 0.644
2.090 0.658
2.113 0.648
2.136 0.619
2.159 0.621
2.183 0.671
2.206 0.635
2.229 0.565
2.252 0.577
2.276 0.657
2.299 0.653
2.322 0.629
2.345 0.628
2.368 0.600
2.392 0.591
2.415 0.606
2.438 0.592
2.461 0.562
2.485 0.581
2.508 0.594
2.531 0.585
2.554 0.592
2.577 0.614
2.601 0.635
2.624 0.702
2.647 0.697
2.670 0.648
2.694 0.634
2.717 0.651
2.740 0.624
2.763 0.618
2.786 0.590
2.810 0.584
2.833 0.593
2.856 0.602
2.879 0.606
2.902 0.556
2.926 0.522
2.949 0.528
2.972 0.552
2.995 0.542
3.019 0.540
3.042 0.506
3.065 0.523
3.088 0.584
3.111 0.519
3.135 0.443
3.158 0.465
3.181 0.480
3.204 0.493
3.228 0.511
3.251 0.463
3.274 0.449
3.297 0.445
3.320 0.503
3.344 0.481
3.367 0.460
3.390 0.457
3.413 0.442
3.437 0.514
3.460 0.584
3.483 0.490
3.506 0.401
3.529 0.405
3.553 0.417
3.576 0.405
3.599 0.395
3.622 0.382
3.646 0.377
3.669 0.412
3.692 0.510
3.715 0.544
3.738 0.480
3.762 0.420
3.785 0.405
3.808 0.394
3.831 0.401
3.855 0.428
3.878 0.404
3.901 0.374
3.924 0.417
3.947 0.469
3.971 0.484
3.994 0.435
4.017 0.385
4.040 0.371
4.063 0.390
4.087 0.457
4.110 0.495
4.133 0.465
4.156 0.394
4.180 0.364
4.203 0.389
4.226 0.448
4.249 0.412
4.272 0.370
4.296 0.355
4.319 0.361
4.342 0.380
4.365 0.477
4.389 0.494
4.412 0.464
4.435 0.367
4.458 0.334
4.481 0.330
4.505 0.375
4.528 0.351
4.551 0.308
4.574 0.325
4.598 0.323
4.621 0.342
4.644 0.425
4.667 0.483
4.690 0.452
4.714 0.400
4.737 0.320
4.760 0.314
4.783 0.313
4.807 0.316
4.830 0.307
4.853 0.309
4.876 0.291
4.899 0.278
4.923 0.279
4.946 0.351
4.969 0.413
4.992 0.412
5.016 0.371
5.039 0.319
5.062 0.273
5.085 0.270
5.108 0.269
5.132 0.272
5.155 0.278
5.178 0.269
5.201 0.264
5.224 0.251
5.248 0.258
5.271 0.257
5.294 0.255
5.317 0.278
5.341 0.294
5.364 0.288
5.387 0.287
5.410 0.267
5.433 0.218
5.457 0.216
5.480 0.241
5.503 0.297
5.526 0.349
5.550 0.346
5.573 0.335
5.596 0.311
5.619 0.291
5.642 0.214
5.666 0.212
5.689 0.238
5.712 0.245
5.735 0.245
5.759 0.239
5.782 0.240
5.805 0.227
5.828 0.191
5.851 0.154
5.875 0.159
5.898 0.192
5.921 0.188
5.944 0.192
5.968 0.194
5.991 0.168
6.014 0.164
6.037 0.170
6.060 0.144
6.084 0.143
6.107 0.144
6.130 0.153
6.153 0.166
6.177 0.163
6.200 0.147
6.223 0.153
6.246 0.162
6.269 0.139
6.293 0.133
6.316 0.135
6.339 0.134
6.362 0.108
6.385 0.110
6.409 0.107
6.432 0.126
6.455 0.137
6.478 0.128
6.502 0.148
6.525 0.153
6.548 0.159
6.571 0.150
6.594 0.123
6.618 0.113
6.641 0.121
6.664 0.114
6.687 0.117
6.711 0.124
6.734 0.112
6.757 0.098
6.780 0.086
6.803 0.079
6.827 0.079
6.850 0.078
6.873 0.086
6.896 0.083
6.920 0.094
6.943 0.091
6.966 0.085
6.989 0.069
7.012 0.069
7.036 0.065
7.059 0.047
7.082 0.038
7.105 0.040
7.129 0.025
7.152 0.030
7.175 0.032
7.198 0.041
7.221 0.051
7.245 0.062
7.268 0.053
7.291 0.054
7.314 0.066
7.338 0.056
7.361 0.044
7.384 0.052
7.407 0.060
7.430 0.057
7.454 0.054
7.477 0.040
7.500 0.048
7.523 0.046
7.546 0.053
7.570 0.046
7.593 0.020
7.616 0.016
7.639 0.009
7.663 0.019
7.686 0.022
7.709 0.020
7.732 0.027
7.755 0.035
7.779 0.044
7.802 0.040
7.825 0.024
7.848 0.013
7.872 0.003
7.895 0.000
7.918 0.014
7.941 0.019
7.964 0.022
7.988 0.029
8.011 0.023
8.034 0.021
8.057 0.014
8.081 0.018
8.104 0.033
8.127 0.041
8.150 0.047
8.173 0.069
8.197 0.065
8.220 0.054
8.243 0.052
8.266 0.036
8.290 0.035
8.313 0.040
8.336 0.054
8.359 0.071
8.382 0.079
8.406 0.088
8.429 0.113
8.452 0.126
8.475 0.124
8.499 0.113
8.522 0.104
8.545 0.110
8.568 0.136
8.591 0.127
8.615 0.123
8.638 0.133
8.661 0.132
8.684 0.132
8.707 0.160
8.731 0.194
8.754 0.214
8.777 0.200
8.800 0.186
8.824 0.166
8.847 0.166
8.870 0.182
8.893 0.202
8.916 0.202
8.940 0.208
8.963 0.248
8.986 0.266
9.009 0.294
9.033 0.279
9.056 0.251
9.079 0.252
9.102 0.284
9.125 0.287
9.149 0.294
9.172 0.304
9.195 0.292
9.218 0.337
9.242 0.359
9.265 0.397
9.288 0.396
9.311 0.377
9.334 0.370
9.358 0.405
9.381 0.418
9.404 0.416
9.427 0.424
9.451 0.434
9.474 0.465
9.497 0.498
9.520 0.504
9.543 0.523
9.567 0.554
9.590 0.565
9.613 0.576
9.636 0.513
9.660 0.499
9.683 0.486
9.706 0.511
9.729 0.514
9.752 0.511
9.776 0.517
9.799 0.553
9.822 0.598
9.845 0.610
9.868 0.582
9.892 0.578
9.915 0.545
9.938 0.570
9.961 0.570
9.985 0.570
10.008 0.562
10.031 0.570
10.054 0.643
10.077 0.711
10.101 0.718
10.124 0.695
10.147 0.662
10.170 0.694
10.194 0.690
10.217 0.681
10.240 0.677
10.263 0.636
10.286 0.662
10.310 0.715
10.333 0.680
10.356 0.639
10.379 0.689
10.403 0.698
10.426 0.734
10.449 0.776
10.472 0.768
10.495 0.783
10.519 0.823
10.542 0.838
10.565 0.826
10.588 0.814
10.612 0.822
10.635 0.804
10.658 0.838
10.681 0.889
10.704 0.885
10.728 0.892
10.751 0.911
10.774 0.878
10.797 0.802
10.820 0.645
10.844 0.608
10.867 0.772
10.890 0.844
10.913 0.883
10.937 0.830
10.960 0.774
10.983 0.801
11.006 0.870
11.029 0.951
11.053 0.954
11.076 0.902
11.099 0.855
11.122 0.825
11.146 0.837
11.169 0.861
11.192 0.858
11.215 0.835
11.238 0.794
11.262 0.651
11.285 0.662
11.308 0.812
11.331 0.857
11.355 0.802
11.378 0.737
11.401 0.731
11.424 0.745
11.447 0.762
11.471 0.745
11.494 0.764
11.517 0.695
11.540 0.594
11.564 0.574
11.587 0.624
11.610 0.632
11.633 0.646
11.656 0.627
11.680 0.579
11.703 0.540
11.726 0.486
11.749 0.461
11.773 0.439
11.796 0.451
11.819 0.485
11.842 0.529
11.865 0.505
11.889 0.491
11.912 0.482
11.935 0.486
11.958 0.476
11.981 0.458
12.005 0.438
12.028 0.464
12.051 0.516
12.074 0.514
12.098 0.504
12.121 0.467
12.144 0.414
12.167 0.371
12.190 0.368
12.214 0.384
12.237 0.419
12.260 0.394
12.283 0.361
12.307 0.367
12.330 0.369
12.353 0.378
12.376 0.356
12.399 0.312
12.423 0.297
12.446 0.301
12.469 0.297
12.492 0.311
12.516 0.367
12.539 0.396
12.562 0.361
12.585 0.306
12.608 0.271
12.632 0.271
12.655 0.317
12.678 0.331
12.701 0.335
12.725 0.313
12.748 0.282
12.771 0.281
12.794 0.282
12.817 0.253
12.841 0.242
12.864 0.243
12.887 0.259
12.910 0.276
12.934 0.271
12.957 0.284
12.980 0.327
13.003 0.322
13.026 0.310
13.050 0.256
13.073 0.231
13.096 0.218
13.119 0.266
13.142 0.267
13.166 0.263
13.189 0.267
13.212 0.252
13.235 0.220
13.259 0.229
13.282 0.238
13.305 0.231
13.328 0.226
13.351 0.226
13.375 0.214
13.398 0.208
13.421 0.219
13.444 0.204
13.468 0.197
13.491 0.195
13.514 0.186
13.537 0.171
13.560 0.161
13.584 0.161
13.607 0.160
13.630 0.172
13.653 0.160
13.677 0.153
13.700 0.151
13.723 0.151
13.746 0.142
13.769 0.130
13.793 0.126
13.816 0.141
13.839 0.144
13.862 0.134
13.886 0.115
13.909 0.122
13.932 0.130
13.955 0.130
13.978 0.138
14.002 0.125
14.025 0.124
14.048 0.128
14.071 0.117
14.095 0.155
14.118 0.200
14.141 0.180
14.164 0.157
14.187 0.159
14.211 0.159
14.234 0.171
14.257 0.192
14.280 0.174
14.303 0.148
14.327 0.149
14.350 0.138
14.373 0.126
14.396 0.150
14.420 0.159
14.443 0.144
14.466 0.134
14.489 0.132
14.512 0.121
14.536 0.117
14.559 0.126
14.582 0.127
14.605 0.114
14.629 0.112
14.652 0.112
14.675 0.109
14.698 0.106
14.721 0.115
14.745 0.107
14.768 0.101
14.791 0.102
14.814 0.096
14.838 0.088
14.861 0.116
14.884 0.125
14.907 0.111
14.930 0.094
14.954 0.086
14.977 0.086
15.000 0.090
15.023 0.103
15.047 0.091
15.070 0.082
15.093 0.087
15.116 0.081
15.139 0.082
15.163 0.093
15.186 0.096
15.209 0.078
15.232 0.078
15.256 0.069
15.279 0.062
15.302 0.121
15.325 0.146
15.348 0.124
15.372 0.108
15.395 0.102
15.418 0.084
15.441 0.104
15.464 0.152
15.488 0.137
15.511 0.115
15.534 0.103
15.557 0.096
15.581 0.093
15.604 0.130
15.627 0.135
15.650 0.105
15.673 0.093
15.697 0.090
15.720 0.087
15.743 0.089
15.766 0.103
15.790 0.091
15.813 0.083
15.836 0.074
15.859 0.072
15.882 0.073
15.906 0.091
15.929 0.094
15.952 0.074
15.975 0.071
15.999 0.072
16.022 0.058
16.045 0.062
16.068 0.092
16.091 0.087
16.115 0.073
16.138 0.065
16.161 0.056
16.184 0.053
16.208 0.056
16.231 0.054
16.254 0.046
16.277 0.045
16.300 0.044
16.324 0.037
16.347 0.040
16.370 0.052
16.393 0.047
16.417 0.037
16.440 0.034
16.463 0.035
16.486 0.043
16.509 0.044
16.533 0.045
16.556 0.042
16.579 0.039
16.602 0.039
16.625 0.033
16.649 0.039
16.672 0.039
16.695 0.028
16.718 0.025
16.742 0.024
16.765 0.029
16.788 0.026
16.811 0.031
16.834 0.035
16.858 0.034
16.881 0.028
16.904 0.016
16.927 0.011
16.951 0.015
16.974 0.024
16.997 0.026
17.020 0.027
17.043 0.019
17.067 0.015
17.090 0.013
17.113 0.016
17.136 0.016
17.160 0.012
17.183 0.015
17.206 0.014
17.229 0.015
17.252 0.013
17.276 0.018
17.299 0.025
17.322 0.032
17.345 0.029
17.369 0.027
17.392 0.024
17.415 0.030
17.438 0.027
17.461 0.018
17.485 0.017
17.508 0.017
17.531 0.026
17.554 0.029
17.578 0.031
17.601 0.037
17.624 0.031
17.647 0.030
17.670 0.036
17.694 0.111
17.717 0.190
17.740 0.194
17.763 0.169
17.786 0.148
17.810 0.132
17.833 0.137
17.856 0.175
17.879 0.174
17.903 0.155
17.926 0.159
17.949 0.162
17.972 0.162
17.995 0.171
18.019 0.192
18.042 0.169
18.065 0.160
18.088 0.156
18.112 0.149
18.135 0.148
18.158 0.176
18.181 0.180
18.204 0.170
18.228 0.163
18.251 0.170
18.274 0.169
18.297 0.185
18.321 0.199
18.344 0.182
18.367 0.189
18.390 0.183
18.413 0.176
18.437 0.174
18.460 0.172
18.483 0.180
18.506 0.180
18.530 0.206
18.553 0.214
18.576 0.200
18.599 0.195
18.622 0.211
18.646 0.219
18.669 0.217
18.692 0.234
18.715 0.259
18.739 0.287
18.762 0.287
18.785 0.261
18.808 0.271
18.831 0.256
18.855 0.266
18.878 0.273
18.901 0.264
18.924 0.279
18.947 0.336
18.971 0.402
18.994 0.416
19.017 0.441
19.040 0.420
19.064 0.333
19.087 0.322
19.110 0.385
19.133 0.415
19.156 0.466
19.180 0.513
19.203 0.422
19.226 0.369
19.249 0.399
19.273 0.521
19.296 0.526
19.319 0.535
19.342 0.498
19.365 0.457
19.389 0.464
19.412 0.506
19.435 0.481
19.458 0.498
19.482 0.503
19.505 0.514
19.528 0.495
19.551 0.516
19.574 0.541
19.598 0.581
19.621 0.600
19.644 0.604
19.667 0.555
19.691 0.585
19.714 0.637
19.737 0.588
19.760 0.591
19.783 0.654
19.807 0.615
19.830 0.564
19.853 0.576
19.876 0.647
19.900 0.695
19.923 0.689
19.946 0.660
19.969 0.655
19.992 0.660
20.016 0.650
20.039 0.713
20.062 0.732
20.085 0.731
20.108 0.628
20.132 0.663
20.155 0.796
20.178 0.836
20.201 0.873
20.225 0.871
20.248 0.791
20.271 0.762
20.294 0.819
20.317 0.890
20.341 0.953
20.364 1.000
20.387 0.991
20.410 0.672
20.434 0.576
20.457 0.658
20.480 0.716
20.503 0.722
20.526 0.724
20.550 0.681
20.573 0.667
20.596 0.674
20.619 0.697
20.643 0.747
20.666 0.715
20.689 0.664
20.712 0.633
20.735 0.661
20.759 0.724
20.782 0.774
20.805 0.755
20.828 0.718
20.852 0.666
20.875 0.571
20.898 0.566
20.921 0.579
20.944 0.604
20.968 0.557
20.991 0.542
21.014 0.555
21.037 0.595
21.060 0.628
21.084 0.593
21.107 0.536
21.130 0.451
21.153 0.372
21.177 0.367
21.200 0.383
21.223 0.377
21.246 0.355
21.269 0.329
21.293 0.351
21.316 0.540
21.339 0.597
21.362 0.588
21.386 0.522
21.409 0.452
21.432 0.384
21.455 0.338
21.478 0.310
21.502 0.306
21.525 0.315
21.548 0.336
21.571 0.352
21.595 0.357
21.618 0.513
21.641 0.547
21.664 0.527
21.687 0.477
21.711 0.393
21.734 0.318
21.757 0.312
21.780 0.306
21.804 0.291
21.827 0.254
21.850 0.254
21.873 0.255
21.896 0.298
21.920 0.526
21.943 0.596
21.966 0.601
21.989 0.536
22.013 0.413
22.036 0.289
22.059 0.223
22.082 0.217
22.105 0.240
22.129 0.239
22.152 0.231
22.175 0.234
22.198 0.294
22.221 0.503
22.245 0.569
22.268 0.585
22.291 0.523
22.314 0.426
22.338 0.291
22.361 0.213
22.384 0.188
22.407 0.179
22.430 0.183
22.454 0.183
22.477 0.211
22.500 0.360
22.523 0.585
22.547 0.651
22.570 0.636
22.593 0.540
22.616 0.398
22.639 0.272
22.663 0.196
22.686 0.191
22.709 0.229
22.732 0.249
22.756 0.243
22.779 0.223
22.802 0.360
22.825 0.563
22.848 0.612
22.872 0.582
22.895 0.480
22.918 0.337
22.941 0.215
22.965 0.148
22.988 0.141
23.011 0.123
23.034 0.123
23.057 0.107
23.081 0.116
23.104 0.338
23.127 0.543
23.150 0.575
23.174 0.550
23.197 0.438
23.220 0.328
23.243 0.188
23.266 0.133
23.290 0.138
23.313 0.130
23.336 0.126
23.359 0.132
23.382 0.140
23.406 0.362
23.429 0.545
23.452 0.591
23.475 0.546
23.499 0.405
23.522 0.256
23.545 0.164
23.568 0.138
23.591 0.156
23.615 0.154
23.638 0.128
23.661 0.117
23.684 0.102
23.708 0.365
23.731 0.532
23.754 0.551
23.777 0.529
23.800 0.433
23.824 0.301
23.847 0.197
23.870 0.149
23.893 0.143
23.917 0.141
23.940 0.130
23.963 0.154
23.986 0.153
24.009 0.365
24.033 0.495
24.056 0.541
24.079 0.497
24.102 0.401
24.126 0.251
24.149 0.133
24.172 0.088
24.195 0.088
24.218 0.081
24.242 0.075
24.265 0.070
24.288 0.090
24.311 0.402
24.335 0.556
24.358 0.572
24.381 0.528
24.404 0.410
24.427 0.224
24.451 0.109
24.474 0.091
24.497 0.100
24.520 0.112
24.543 0.104
24.567 0.107
24.590 0.145
24.613 0.436
24.636 0.558
24.660 0.613
24.683 0.546
24.706 0.414
24.729 0.269
24.752 0.172
24.776 0.141
24.799 0.148
24.822 0.132
24.845 0.123
24.869 0.130
24.892 0.166
24.915 0.486
24.938 0.623
24.961 0.641
24.985 0.565
25.008 0.419
25.031 0.250
25.054 0.158
25.078 0.148
25.101 0.133
25.124 0.282
25.147 0.538
25.170 0.575
25.194 0.527
25.217 0.512
25.240 0.568
25.263 0.578
25.287 0.536
25.310 0.419
25.333 0.262
25.356 0.151
25.379 0.117
25.403 0.103
25.426 0.100
25.449 0.097
25.472 0.076
25.496 0.193
25.519 0.511
25.542 0.599
25.565 0.600
25.588 0.505
25.612 0.344
25.635 0.195
25.658 0.128
25.681 0.115
25.704 0.100
25.728 0.109
25.751 0.114
25.774 0.095
25.797 0.227
25.821 0.483
25.844 0.563
25.867 0.574
25.890 0.507
25.913 0.361
25.937 0.240
25.960 0.137
25.983 0.113
26.006 0.104
26.030 0.112
26.053 0.109
26.076 0.123
26.099 0.289
26.122 0.555
26.146 0.624
26.169 0.619
26.192 0.491
26.215 0.347
26.239 0.234
26.262 0.184
26.285 0.184
26.308 0.170
26.331 0.190
26.355 0.182
26.378 0.183
26.401 0.329
26.424 0.526
26.448 0.563
26.471 0.556
26.494 0.479
26.517 0.355
26.540 0.243
26.564 0.197
26.587 0.168
26.610 0.160
26.633 0.168
26.657 0.171
26.680 0.166
26.703 0.329
26.726 0.573
26.749 0.611
26.773 0.546
26.796 0.439
26.819 0.306
26.842 0.210
26.865 0.167
26.889 0.171
26.912 0.175
26.935 0.181
26.958 0.189
26.982 0.185
27.005 0.366
27.028 0.557
27.051 0.602
27.074 0.582
27.098 0.485
27.121 0.345
27.144 0.211
27.167 0.150
27.191 0.148
27.214 0.134
27.237 0.137
27.260 0.146
27.283 0.135
27.307 0.364
27.330 0.549
27.353 0.622
27.376 0.613
27.400 0.489
27.423 0.336
27.446 0.233
27.469 0.185
27.492 0.180
27.516 0.181
27.539 0.197
27.562 0.221
27.585 0.208
27.609 0.433
27.632 0.580
27.655 0.617
27.678 0.567
27.701 0.436
27.725 0.272
27.748 0.149
27.771 0.115
27.794 0.111
27.818 0.104
27.841 0.092
27.864 0.081
27.887 0.108
27.910 0.431
27.934 0.570
27.957 0.588
27.980 0.511
28.003 0.393
28.026 0.263
28.050 0.151
28.073 0.117
28.096 0.106
28.119 0.124
28.143 0.125
28.166 0.140
28.189 0.176
28.212 0.442
28.235 0.558
28.259 0.557
28.282 0.491
28.305 0.348
28.328 0.216
28.352 0.146
28.375 0.118
28.398 0.121
28.421 0.119
28.444 0.126
28.468 0.118
28.491 0.137
28.514 0.432
28.537 0.590
28.561 0.619
28.584 0.547
28.607 0.418
28.630 0.275
28.653 0.192
28.677 0.161
28.700 0.151
28.723 0.158
28.746 0.142
28.770 0.136
28.793 0.172
28.816 0.410
28.839 0.533
28.862 0.589
28.886 0.501
28.909 0.350
28.932 0.214
28.955 0.122
28.979 0.090
29.002 0.083
29.025 0.080
29.048 0.070
29.071 0.075
29.095 0.181
29.118 0.512
29.141 0.576
29.164 0.587
29.187 0.503
29.211 0.380
29.234 0.213
29.257 0.121
29.280 0.120
29.304 0.129
29.327 0.116
29.350 0.128
29.373 0.130
29.396 0.214
29.420 0.481
29.443 0.579
29.466 0.565
29.489 0.481
29.513 0.364
29.536 0.244
29.559 0.180
29.582 0.172
29.605 0.161
29.629 0.170
29.652 0.182
29.675 0.163
29.698 0.299
29.722 0.523
29.745 0.596
29.768 0.587
29.791 0.487
29.814 0.361
29.838 0.239
29.861 0.177
29.884 0.186
29.907 0.181
29.931 0.176
29.954 0.166
29.977 0.165
30.000 0.366
30.023 0.461
30.047 0.489
30.070 0.500
30.093 0.536
30.116 0.570
30.140 0.465
30.163 0.345
30.186 0.268
30.209 0.137
30.232 0.054
30.256 0.035
30.279 0.046
30.302 0.249
30.325 0.388
30.348 0.490
30.372 0.521
30.395 0.581
30.418 0.596
30.441 0.464
30.465 0.363
30.488 0.351
30.511 0.404
30.534 0.489
30.557 0.578
30.581 0.543
30.604 0.409
30.627 0.450
30.650 0.480
30.674 0.422
30.697 0.323
30.720 0.201
30.743 0.203
30.766 0.293
30.790 0.321
30.813 0.405
30.836 0.470
30.859 0.561
30.883 0.548
30.906 0.389
30.929 0.405
30.952 0.483
30.975 0.503
30.999 0.567
31.022 0.536
31.045 0.409
31.068 0.368
31.092 0.339
31.115 0.382
31.138 0.477
31.161 0.552
31.184 0.516
31.208 0.395
31.231 0.442
31.254 0.500
31.277 0.494
31.300 0.549
31.324 0.559
31.347 0.438
31.370 0.398
31.393 0.312
31.417 0.170
31.440 0.093
31.463 0.068
31.486 0.120
31.509 0.340
31.533 0.466
31.556 0.532
31.579 0.545
31.602 0.584
31.626 0.545
31.649 0.419
31.672 0.375
31.695 0.353
31.718 0.420
31.742 0.513
31.765 0.552
31.788 0.477
31.811 0.373
31.835 0.432
31.858 0.459
31.881 0.411
31.904 0.290
31.927 0.151
31.951 0.283
31.974 0.340
31.997 0.350
32.020 0.405
32.044 0.488
32.067 0.540
32.090 0.476
32.113 0.403
32.136 0.450
32.160 0.496
32.183 0.500
32.206 0.560
32.229 0.534
32.253 0.406
32.276 0.359
32.299 0.371
32.322 0.430
32.345 0.496
32.369 0.549
32.392 0.466
32.415 0.396
32.438 0.440
32.461 0.477
32.485 0.479
32.508 0.536
32.531 0.471
32.554 0.365
32.578 0.354
32.601 0.280
32.624 0.148
32.647 0.081
32.670 0.040
32.694 0.193
32.717 0.387
32.740 0.477
32.763 0.496
32.787 0.486
32.810 0.517
32.833 0.474
32.856 0.373
32.879 0.362
32.903 0.387
32.926 0.440
32.949 0.550
32.972 0.561
32.996 0.398
33.019 0.389
33.042 0.460
33.065 0.430
33.088 0.330
33.112 0.213
33.135 0.157
33.158 0.330
33.181 0.406
33.205 0.436
33.228 0.445
33.251 0.537
33.274 0.517
33.297 0.395
33.321 0.412
33.344 0.502
33.367 0.520
33.390 0.534
33.414 0.545
33.437 0.465
33.460 0.365
33.483 0.385
33.506 0.457
33.530 0.490
33.553 0.532
33.576 0.507
33.599 0.377
33.622 0.381
33.646 0.460
33.669 0.498
33.692 0.525
33.715 0.533
33.739 0.453
33.762 0.367
33.785 0.353
33.808 0.296
33.831 0.200
33.855 0.112
33.878 0.074
33.901 0.281
33.924 0.451
33.948 0.538
33.971 0.531
33.994 0.396
34.017 0.318
34.040 0.345
34.064 0.382
34.087 0.427
34.110 0.476
34.133 0.500
34.157 0.570
34.180 0.538
34.203 0.408
34.226 0.434
34.249 0.525
34.273 0.529
34.296 0.516
34.319 0.554
34.342 0.443
34.366 0.380
34.389 0.402
34.412 0.364
34.435 0.261
34.458 0.171
34.482 0.139
34.505 0.303
34.528 0.461
34.551 0.563
34.575 0.545
34.598 0.432
34.621 0.385
34.644 0.425
34.667 0.406
34.691 0.441
34.714 0.475
34.737 0.506
34.760 0.574
34.783 0.563
34.807 0.438
34.830 0.448
34.853 0.541
34.876 0.531
34.900 0.567
34.923 0.550
34.946 0.448
34.969 0.406
34.992 0.398
35.016 0.343
35.039 0.292
35.062 0.187
35.085 0.140
35.109 0.322
35.132 0.467
35.155 0.555
35.178 0.557
35.201 0.561
35.225 0.542
35.248 0.463
35.271 0.422
35.294 0.460
35.318 0.502
35.341 0.544
35.364 0.594
35.387 0.518
35.410 0.431
35.434 0.524
35.457 0.533
35.480 0.461
35.503 0.355
35.527 0.236
35.550 0.306
35.573 0.402
35.596 0.479
35.619 0.534
35.643 0.592
35.666 0.597
35.689 0.485
35.712 0.437
35.736 0.493
35.759 0.525
35.782 0.541
35.805 0.583
35.828 0.519
35.852 0.403
35.875 0.401
35.898 0.451
35.921 0.512
35.944 0.547
35.968 0.567
35.991 0.468
36.014 0.427
36.037 0.480
36.061 0.535
36.084 0.532
36.107 0.564
36.130 0.518
36.153 0.411
36.177 0.397
36.200 0.435
36.223 0.431
36.246 0.381
36.270 0.294
36.293 0.264
36.316 0.405
36.339 0.506
36.362 0.538
36.386 0.578
36.409 0.606
36.432 0.522
36.455 0.417
36.479 0.412
36.502 0.471
36.525 0.527
36.548 0.570
36.571 0.578
36.595 0.452
36.618 0.426
36.641 0.505
36.664 0.527
36.688 0.443
36.711 0.331
36.734 0.250
36.757 0.342
36.780 0.429
36.804 0.480
36.827 0.523
36.850 0.547
36.873 0.518
36.897 0.417
36.920 0.402
36.943 0.482
36.966 0.559
36.989 0.563
37.013 0.581
37.036 0.478
37.059 0.359
37.082 0.368
37.105 0.465
37.129 0.538
37.152 0.600
37.175 0.582
37.198 0.453
37.222 0.437
37.245 0.503
37.268 0.512
37.291 0.539
37.314 0.578
37.338 0.465
37.361 0.355
37.384 0.369
37.407 0.385
37.431 0.395
37.454 0.373
37.477 0.332
37.500 0.336
37.523 0.427
37.547 0.487
37.570 0.514
37.593 0.545
37.616 0.568
37.640 0.512
37.663 0.395
37.686 0.402
37.709 0.470
37.732 0.533
37.756 0.587
37.779 0.561
37.802 0.445
37.825 0.445
37.849 0.506
37.872 0.495
37.895 0.427
37.918 0.358
37.941 0.307
37.965 0.333
37.988 0.400
38.011 0.484
38.034 0.537
38.058 0.573
38.081 0.527
38.104 0.411
38.127 0.427
38.150 0.525
38.174 0.565
38.197 0.589
38.220 0.605
38.243 0.504
38.266 0.391
38.290 0.409
38.313 0.473
38.336 0.534
38.359 0.587
38.383 0.576
38.406 0.454
38.429 0.444
38.452 0.520
38.475 0.543
38.499 0.572
38.522 0.561
38.545 0.475
38.568 0.384
38.592 0.380
38.615 0.380
38.638 0.362
38.661 0.375
38.684 0.376
38.708 0.386
38.731 0.479
38.754 0.570
38.777 0.557
38.801 0.442
38.824 0.431
38.847 0.456
38.870 0.386
38.893 0.433
38.917 0.489
38.940 0.526
38.963 0.557
38.986 0.531
39.010 0.472
39.033 0.476
39.056 0.516
39.079 0.547
39.102 0.585
39.126 0.572
39.149 0.482
39.172 0.402
39.195 0.396
39.219 0.376
39.242 0.392
39.265 0.405
39.288 0.423
39.311 0.424
39.335 0.479
39.358 0.558
39.381 0.545
39.404 0.470
39.427 0.474
39.451 0.465
39.474 0.426
39.497 0.492
39.520 0.537
39.544 0.585
39.567 0.619
39.590 0.577
39.613 0.528
39.636 0.550
39.660 0.597
39.683 0.614
39.706 0.677
39.729 0.671
39.753 0.579
39.776 0.542
39.799 0.573
39.822 0.634
39.845 0.677
39.869 0.675
39.892 0.630
39.915 0.538
39.938 0.534
39.962 0.611
39.985 0.672
40.008 0.688
40.031 0.652
40.054 0.541
40.078 0.509
40.101 0.549
40.124 0.595
40.147 0.622
40.171 0.637
40.194 0.581
40.217 0.477
40.240 0.545
40.263 0.603
40.287 0.616
40.310 0.616
40.333 0.570
40.356 0.468
40.380 0.472
40.403 0.538
40.426 0.543
40.449 0.568
40.472 0.572
40.496 0.499
40.519 0.450
40.542 0.511
40.565 0.534
40.588 0.543
40.612 0.567
40.635 0.535
40.658 0.447
40.681 0.488
40.705 0.559
40.728 0.583
40.751 0.610
40.774 0.581
40.797 0.496
40.821 0.446
40.844 0.509
40.867 0.545
40.890 0.564
40.914 0.590
40.937 0.527
40.960 0.465
40.983 0.496
41.006 0.544
41.030 0.573
41.053 0.582
41.076 0.596
41.099 0.525
41.123 0.472
41.146 0.516
41.169 0.556
41.192 0.572
41.215 0.614
41.239 0.543
41.262 0.435
41.285 0.465
41.308 0.530
41.332 0.549
41.355 0.588
41.378 0.576
41.401 0.478
41.424 0.453
41.448 0.509
41.471 0.551
41.494 0.593
41.517 0.613
41.540 0.537
41.564 0.462
41.587 0.515
41.610 0.567
41.633 0.582
41.657 0.574
41.680 0.559
41.703 0.470
41.726 0.447
41.749 0.506
41.773 0.524
41.796 0.551
41.819 0.574
41.842 0.508
41.866 0.457
41.889 0.485
41.912 0.544
41.935 0.547
41.958 0.589
41.982 0.553
42.005 0.433
42.028 0.437
42.051 0.509
42.075 0.533
42.098 0.581
42.121 0.562
42.144 0.469
42.167 0.425
42.191 0.479
42.214 0.505
42.237 0.536
42.260 0.569
42.284 0.531
42.307 0.416
42.330 0.425
42.353 0.532
42.376 0.528
42.400 0.531
42.423 0.528
42.446 0.473
42.469 0.445
42.493 0.524
42.516 0.551
42.539 0.539
42.562 0.575
42.585 0.548
42.609 0.441
42.632 0.468
42.655 0.499
42.678 0.485
42.701 0.516
42.725 0.532
42.748 0.464
42.771 0.451
42.794 0.528
42.818 0.580
42.841 0.582
42.864 0.568
42.887 0.525
42.910 0.423
42.934 0.452
42.957 0.563
42.980 0.566
43.003 0.577
43.027 0.564
43.050 0.465
43.073 0.461
43.096 0.542
43.119 0.572
43.143 0.577
43.166 0.598
43.189 0.553
43.212 0.456
43.236 0.466
43.259 0.531
43.282 0.560
43.305 0.584
43.328 0.587
43.352 0.490
43.375 0.472
43.398 0.533
43.421 0.541
43.445 0.555
43.468 0.590
43.491 0.517
43.514 0.461
43.537 0.499
43.561 0.530
43.584 0.518
43.607 0.551
43.630 0.523
43.654 0.448
43.677 0.467
43.700 0.551
43.723 0.603
43.746 0.632
43.770 0.657
43.793 0.567
43.816 0.464
43.839 0.491
43.862 0.524
43.886 0.536
43.909 0.570
43.932 0.573
43.955 0.475
43.979 0.495
44.002 0.559
44.025 0.584
44.048 0.610
44.071 0.618
44.095 0.536
44.118 0.487
44.141 0.514
44.164 0.552
44.188 0.572
44.211 0.621
44.234 0.586
44.257 0.479
44.280 0.494
44.304 0.548
44.327 0.569
44.350 0.614
44.373 0.604
44.397 0.534
44.420 0.508
44.443 0.570
44.466 0.630
44.489 0.600
44.513 0.606
44.536 0.624
44.559 0.573
44.582 0.547
44.606 0.611
44.629 0.611
44.652 0.608
44.675 0.645
44.698 0.633
44.722 0.560
44.745 0.579
44.768 0.610
44.791 0.602
44.815 0.604
44.838 0.600
44.861 0.567
44.884 0.570
44.907 0.622
44.931 0.617
44.954 0.618
44.977 0.653
45.000 0.612
45.023 0.521
45.047 0.555
45.070 0.600
45.093 0.537
45.116 0.553
45.140 0.557
45.163 0.525
45.186 0.552
45.209 0.593
45.232 0.589
45.256 0.559
45.279 0.597
45.302 0.560
45.325 0.484
45.349 0.524
45.372 0.528
45.395 0.497
45.418 0.522
45.441 0.549
45.465 0.520
45.488 0.572
45.511 0.622
45.534 0.589
45.558 0.566
45.581 0.603
45.604 0.584
45.627 0.544
45.650 0.593
45.674 0.588
45.697 0.561
45.720 0.610
45.743 0.626
45.767 0.588
45.790 0.640
45.813 0.689
45.836 0.664
45.859 0.638
45.883 0.692
45.906 0.642
45.929 0.542
45.952 0.588
45.976 0.607
45.999 0.586
46.022 0.584
46.045 0.558
46.068 0.539
46.092 0.592
46.115 0.637
46.138 0.608
46.161 0.620
46.184 0.661
46.208 0.581
46.231 0.538
46.254 0.591
46.277 0.582
46.301 0.571
46.324 0.568
46.347 0.550
46.370 0.521
46.393 0.566
46.417 0.609
46.440 0.559
46.463 0.589
46.486 0.623
46.510 0.538
46.533 0.531
46.556 0.549
46.579 0.487
46.602 0.484
46.626 0.535
46.649 0.493
46.672 0.469
46.695 0.544
46.719 0.576
46.742 0.551
46.765 0.571
46.788 0.596
46.811 0.541
46.835 0.521
46.858 0.566
46.881 0.568
46.904 0.583
46.928 0.564
46.951 0.547
46.974 0.554
46.997 0.560
47.020 0.571
47.044 0.559
47.067 0.589
47.090 0.580
47.113 0.552
47.137 0.524
47.160 0.572
47.183 0.579
47.206 0.563
47.229 0.582
47.253 0.566
47.276 0.541
47.299 0.582
47.322 0.606
47.345 0.620
47.369 0.619
47.392 0.619
47.415 0.555
47.438 0.551
47.462 0.580
47.485 0.601
47.508 0.604
47.531 0.593
47.554 0.576
47.578 0.609
47.601 0.598
47.624 0.610
47.647 0.596
47.671 0.575
47.694 0.562
47.717 0.526
47.740 0.568
47.763 0.627
47.787 0.615
47.810 0.616
47.833 0.594
47.856 0.551
47.880 0.559
47.903 0.586
47.926 0.572
47.949 0.570
47.972 0.592
47.996 0.578
48.019 0.473
48.042 0.426
48.065 0.542
48.089 0.568
48.112 0.548
48.135 0.527
48.158 0.483
48.181 0.496
48.205 0.518
48.228 0.544
48.251 0.498
48.274 0.457
48.298 0.456
48.321 0.482
48.344 0.488
48.367 0.467
48.390 0.429
48.414 0.449
48.437 0.482
48.460 0.440
48.483 0.455
48.506 0.508
48.530 0.475
48.553 0.484
48.576 0.496
48.599 0.557
48.623 0.547
48.646 0.524
48.669 0.544
48.692 0.524
48.715 0.511
48.739 0.509
48.762 0.560
48.785 0.601
48.808 0.626
48.832 0.629
48.855 0.608
48.878 0.581
48.901 0.564
48.924 0.555
48.948 0.541
48.971 0.512
48.994 0.492
49.017 0.451
49.041 0.447
49.064 0.439
49.087 0.446
49.110 0.456
49.133 0.468
49.157 0.471
49.180 0.486
49.203 0.582
49.226 0.667
49.250 0.636
49.273 0.663
49.296 0.677
49.319 0.740
49.342 0.764
49.366 0.730
49.389 0.710
49.412 0.713
49.435 0.721
49.459 0.705
49.482 0.682
49.505 0.593
49.528 0.543
49.551 0.583
49.575 0.613
49.598 0.676
49.621 0.676
49.644 0.659
49.667 0.666
49.691 0.672
49.714 0.712
49.737 0.746
49.760 0.738
49.784 0.730
49.807 0.675
49.830 0.693
49.853 0.716
49.876 0.711
49.900 0.729
49.923 0.732
49.946 0.647
49.969 0.534
49.993 0.577
50.016 0.592
50.039 0.577
50.062 0.571
50.085 0.591
50.109 0.666
50.132 0.705
50.155 0.736
50.178 0.754
50.202 0.720
50.225 0.708
50.248 0.633
50.271 0.549
50.294 0.596
50.318 0.632
50.341 0.652
50.364 0.654
50.387 0.614
50.411 0.701
50.434 0.743
50.457 0.775
50.480 0.805
50.503 0.783
50.527 0.770
50.550 0.698
50.573 0.677
50.596 0.722
50.620 0.701
50.643 0.705
50.666 0.741
50.689 0.717
50.712 0.692
50.736 0.718
50.759 0.750
50.782 0.791
50.805 0.817
50.828 0.775
50.852 0.727
50.875 0.713
50.898 0.768
50.921 0.743
50.945 0.722
50.968 0.729
50.991 0.653
51.014 0.554
51.037 0.621
51.061 0.633
51.084 0.625
51.107 0.640
51.130 0.651
51.154 0.662
51.177 0.706
51.200 0.748
51.223 0.771
51.246 0.777
51.270 0.725
51.293 0.673
51.316 0.691
51.339 0.734
51.363 0.752
51.386 0.761
51.409 0.756
51.432 0.701
51.455 0.654
51.479 0.717
51.502 0.772
51.525 0.766
51.548 0.743
51.572 0.757
51.595 0.704
51.618 0.689
51.641 0.720
51.664 0.715
51.688 0.737
51.711 0.762
51.734 0.809
51.757 0.761
51.780 0.731
51.804 0.744
51.827 0.774
51.850 0.777
51.873 0.717
51.897 0.623
51.920 0.600
51.943 0.634
51.966 0.635
51.989 0.630
52.013 0.634
52.036 0.617
52.059 0.681
52.082 0.705
52.106 0.717
52.129 0.747
52.152 0.736
52.175 0.730
52.198 0.721
52.222 0.705
52.245 0.711
52.268 0.750
52.291 0.755
52.315 0.748
52.338 0.753
52.361 0.729
52.384 0.734
52.407 0.752
52.431 0.740
52.454 0.739
52.477 0.757
52.500 0.726
52.524 0.719
52.547 0.758
52.570 0.753
52.593 0.756
52.616 0.773
52.640 0.727
52.663 0.656
52.686 0.712
52.709 0.756
52.733 0.753
52.756 0.766
52.779 0.772
52.802 0.694
52.825 0.729
52.849 0.789
52.872 0.788
52.895 0.755
52.918 0.732
52.941 0.737
52.965 0.721
52.988 0.741
53.011 0.791
53.034 0.814
53.058 0.785
53.081 0.732
53.104 0.602
53.127 0.579
53.150 0.626
53.174 0.654
53.197 0.652
53.220 0.658
53.243 0.664
53.267 0.687
53.290 0.729
53.313 0.763
53.336 0.772
53.359 0.778
53.383 0.770
53.406 0.736
53.429 0.720
53.452 0.760
53.476 0.761
53.499 0.722
53.522 0.722
53.545 0.684
53.568 0.665
53.592 0.721
53.615 0.742
53.638 0.718
53.661 0.694
53.685 0.635
53.708 0.618
53.731 0.675
53.754 0.717
53.777 0.719
53.801 0.741
53.824 0.721
53.847 0.666
53.870 0.662
53.894 0.723
53.917 0.743
53.940 0.721
53.963 0.717
53.986 0.709
54.010 0.642
54.033 0.642
54.056 0.692
54.079 0.720
54.102 0.711
54.126 0.715
54.149 0.700
54.172 0.682
54.195 0.724
54.219 0.744
54.242 0.745
54.265 0.718
54.288 0.658
54.311 0.548
54.335 0.585
54.358 0.619
54.381 0.627
54.404 0.633
54.428 0.639
54.451 0.636
54.474 0.694
54.497 0.757
54.520 0.768
54.544 0.771
54.567 0.731
54.590 0.694
54.613 0.691
54.637 0.741
54.660 0.788
54.683 0.773
54.706 0.762
54.729 0.761
54.753 0.666
54.776 0.540
54.799 0.572
54.822 0.591
54.846 0.585
54.869 0.604
54.892 0.638
54.915 0.730
54.938 0.735
54.962 0.751
54.985 0.743
55.008 0.749
55.031 0.744
55.055 0.608
55.078 0.573
55.101 0.663
55.124 0.677
55.147 0.646
55.171 0.636
55.194 0.653
55.217 0.703
55.240 0.736
55.263 0.790
55.287 0.795
55.310 0.797
55.333 0.782
55.356 0.693
55.380 0.710
55.403 0.789
55.426 0.821
55.449 0.785
55.472 0.760
55.496 0.728
55.519 0.720
55.542 0.742
55.565 0.777
55.589 0.767
55.612 0.772
55.635 0.799
55.658 0.791
55.681 0.775
55.705 0.808
55.728 0.793
55.751 0.768
55.774 0.750
55.798 0.640
55.821 0.578
55.844 0.647
55.867 0.668
55.890 0.672
55.914 0.677
55.937 0.675
55.960 0.729
55.983 0.726
56.007 0.755
56.030 0.749
56.053 0.771
56.076 0.793
56.099 0.728
56.123 0.722
56.146 0.742
56.169 0.758
56.192 0.774
56.216 0.775
56.239 0.760
56.262 0.717
56.285 0.760
56.308 0.819
56.332 0.793
56.355 0.784
56.378 0.768
56.401 0.682
56.424 0.706
56.448 0.719
56.471 0.741
56.494 0.768
56.517 0.795
56.541 0.756
56.564 0.757
56.587 0.795
56.610 0.797
56.633 0.804
56.657 0.804
56.680 0.728
56.703 0.592
56.726 0.598
56.750 0.638
56.773 0.635
56.796 0.634
56.819 0.666
56.842 0.665
56.866 0.705
56.889 0.745
56.912 0.748
56.935 0.738
56.959 0.751
56.982 0.771
57.005 0.777
57.028 0.780
57.051 0.768
57.075 0.769
57.098 0.789
57.121 0.773
57.144 0.715
57.168 0.707
57.191 0.782
57.214 0.815
57.237 0.805
57.260 0.808
57.284 0.768
57.307 0.672
57.330 0.714
57.353 0.778
57.377 0.786
57.400 0.783
57.423 0.782
57.446 0.698
57.469 0.696
57.493 0.770
57.516 0.808
57.539 0.785
57.562 0.759
57.585 0.764
57.609 0.715
57.632 0.778
57.655 0.782
57.678 0.762
57.702 0.780
57.725 0.802
57.748 0.795
57.771 0.772
57.794 0.777
57.818 0.776
57.841 0.772
57.864 0.767
57.887 0.694
57.911 0.645
57.934 0.731
57.957 0.801
57.980 0.814
58.003 0.770
58.027 0.765
58.050 0.749
58.073 0.727
58.096 0.747
58.120 0.731
58.143 0.747
58.166 0.746
58.189 0.698
58.212 0.668
58.236 0.740
58.259 0.792
58.282 0.794
58.305 0.752
58.329 0.741
58.352 0.689
58.375 0.699
58.398 0.774
58.421 0.792
58.445 0.759
58.468 0.741
58.491 0.699
58.514 0.694
58.538 0.732
58.561 0.772
58.584 0.779
58.607 0.778
58.630 0.738
58.654 0.679
58.677 0.686
58.700 0.753
58.723 0.753
58.746 0.756
58.770 0.744
58.793 0.653
58.816 0.674
58.839 0.729
58.863 0.721
58.886 0.689
58.909 0.705
58.932 0.722
58.955 0.717
58.979 0.706
59.002 0.744
59.025 0.765
59.048 0.754
59.072 0.782
59.095 0.734
59.118 0.626
59.141 0.657
59.164 0.699
59.188 0.695
59.211 0.693
59.234 0.677
59.257 0.689
59.281 0.713
59.304 0.762
59.327 0.717
59.350 0.713
59.373 0.719
59.397 0.727
59.420 0.714
59.443 0.786
59.466 0.791
59.490 0.792
59.513 0.765
59.536 0.690
59.559 0.536
59.582 0.532
59.606 0.580
59.629 0.617
59.652 0.623
59.675 0.598
59.699 0.664
59.722 0.711
59.745 0.731
59.768 0.722
59.791 0.732
59.815 0.741
59.838 0.690
59.861 0.586
59.884 0.610
59.907 0.653
59.931 0.652
59.954 0.664
59.977 0.638
60.000 0.694
60.024 0.743
60.047 0.812
60.070 0.788
60.093 0.758
60.116 0.748
60.140 0.717
60.163 0.694
60.186 0.746
60.209 0.775
60.233 0.721
60.256 0.709
60.279 0.679
60.302 0.641
60.325 0.697
60.349 0.763
60.372 0.780
60.395 0.765
60.418 0.773
60.442 0.790
60.465 0.764
60.488 0.770
60.511 0.777
60.534 0.803
60.558 0.813
60.581 0.759
60.604 0.624
60.627 0.646
60.651 0.667
60.674 0.663
60.697 0.639
60.720 0.609
60.743 0.634
60.767 0.710
60.790 0.755
60.813 0.773
60.836 0.761
60.860 0.752
60.883 0.709
60.906 0.661
60.929 0.719
60.952 0.763
60.976 0.758
60.999 0.773
61.022 0.769
61.045 0.706
61.068 0.686
61.092 0.744
61.115 0.761
61.138 0.784
61.161 0.781
61.185 0.731
61.208 0.676
61.231 0.729
61.254 0.759
61.277 0.773
61.301 0.791
61.324 0.775
61.347 0.753
61.370 0.721
61.394 0.752
61.417 0.775
61.440 0.789
61.463 0.732
61.486 0.675
61.510 0.617
61.533 0.680
61.556 0.710
61.579 0.699
61.603 0.711
61.626 0.684
61.649 0.629
61.672 0.671
61.695 0.719
61.719 0.763
61.742 0.749
61.765 0.724
61.788 0.730
61.812 0.706
61.835 0.714
61.858 0.737
61.881 0.775
61.904 0.759
61.928 0.737
61.951 0.740
61.974 0.723
61.997 0.733
62.020 0.760
62.044 0.781
62.067 0.792
62.090 0.762
62.113 0.721
62.137 0.757
62.160 0.758
62.183 0.765
62.206 0.769
62.229 0.737
62.253 0.659
62.276 0.718
62.299 0.798
62.322 0.789
62.346 0.781
62.369 0.769
62.392 0.735
62.415 0.684
62.438 0.767
62.462 0.785
62.485 0.785
62.508 0.811
62.531 0.765
62.555 0.733
62.578 0.730
62.601 0.767
62.624 0.752
62.647 0.733
62.671 0.718
62.694 0.643
62.717 0.608
62.740 0.670
62.764 0.677
62.787 0.661
62.810 0.636
62.833 0.620
62.856 0.659
62.880 0.727
62.903 0.752
62.926 0.765
62.949 0.755
62.973 0.735
62.996 0.720
63.019 0.747
63.042 0.743
63.065 0.735
63.089 0.764
63.112 0.736
63.135 0.712
63.158 0.655
63.181 0.694
63.205 0.722
63.228 0.724
63.251 0.732
63.274 0.704
63.298 0.627
63.321 0.641
63.344 0.737
63.367 0.769
63.390 0.745
63.414 0.722
63.437 0.692
63.460 0.656
63.483 0.709
63.507 0.776
63.530 0.796
63.553 0.794
63.576 0.763
63.599 0.663
63.623 0.676
63.646 0.736
63.669 0.753
63.692 0.762
63.716 0.750
63.739 0.726
63.762 0.670
63.785 0.681
63.808 0.707
63.832 0.687
63.855 0.694
63.878 0.685
63.901 0.618
63.925 0.615
63.948 0.661
63.971 0.669
63.994 0.653
64.017 0.659
64.041 0.673
64.064 0.749
64.087 0.753
64.110 0.750
64.134 0.740
64.157 0.761
64.180 0.748
64.203 0.678
64.226 0.700
64.250 0.764
64.273 0.804
64.296 0.764
64.319 0.776
64.342 0.737
64.366 0.566
64.389 0.551
64.412 0.587
64.435 0.608
64.459 0.632
64.482 0.631
64.505 0.676
64.528 0.723
64.551 0.780
64.575 0.758
64.598 0.771
64.621 0.795
64.644 0.698
64.668 0.593
64.691 0.628
64.714 0.678
64.737 0.676
64.760 0.661
64.784 0.649
64.807 0.682
64.830 0.745
64.853 0.795
64.877 0.790
64.900 0.815
64.923 0.820
64.946 0.692
64.969 0.684
64.993 0.730
65.016 0.736
65.039 0.760
65.062 0.771
65.086 0.732
65.109 0.668
65.132 0.731
65.155 0.756
65.178 0.769
65.202 0.763
65.225 0.773
65.248 0.746
65.271 0.729
65.295 0.762
65.318 0.774
65.341 0.792
65.364 0.785
65.387 0.728
65.411 0.591
65.434 0.625
65.457 0.642
65.480 0.648
65.503 0.666
65.527 0.655
65.550 0.627
65.573 0.707
65.596 0.774
65.620 0.780
65.643 0.773
65.666 0.792
65.689 0.797
65.712 0.705
65.736 0.721
65.759 0.773
65.782 0.824
65.805 0.789
65.829 0.732
65.852 0.653
65.875 0.691
65.898 0.763
65.921 0.760
65.945 0.759
65.968 0.799
65.991 0.749
66.014 0.682
66.038 0.730
66.061 0.784
66.084 0.764
66.107 0.766
66.130 0.776
66.154 0.766
66.177 0.762
66.200 0.798
66.223 0.818
66.247 0.833
66.270 0.829
66.293 0.748
66.316 0.594
66.339 0.660
66.363 0.697
66.386 0.680
66.409 0.680
66.432 0.657
66.456 0.688
66.479 0.755
66.502 0.797
66.525 0.777
66.548 0.773
66.572 0.767
66.595 0.766
66.618 0.750
66.641 0.737
66.664 0.772
66.688 0.810
66.711 0.815
66.734 0.747
66.757 0.686
66.781 0.721
66.804 0.785
66.827 0.798
66.850 0.809
66.873 0.802
66.897 0.750
66.920 0.707
66.943 0.737
66.966 0.760
66.990 0.766
67.013 0.766
67.036 0.714
67.059 0.689
67.082 0.719
67.106 0.763
67.129 0.822
67.152 0.800
67.175 0.786
67.199 0.707
67.222 0.717
67.245 0.774
67.268 0.806
67.291 0.808
67.315 0.799
67.338 0.797
67.361 0.729
67.384 0.728
67.408 0.813
67.431 0.840
67.454 0.814
67.477 0.746
67.500 0.654
67.524 0.705
67.547 0.766
67.570 0.805
67.593 0.802
67.617 0.771
67.640 0.759
67.663 0.690
67.686 0.752
67.709 0.781
67.733 0.762
67.756 0.800
67.779 0.748
67.802 0.681
67.825 0.699
67.849 0.740
67.872 0.764
67.895 0.807
67.918 0.796
67.942 0.741
67.965 0.692
67.988 0.715
68.011 0.740
68.034 0.764
68.058 0.776
68.081 0.744
68.104 0.661
68.127 0.691
68.151 0.760
68.174 0.776
68.197 0.766
68.220 0.780
68.243 0.711
68.267 0.648
68.290 0.714
68.313 0.726
68.336 0.741
68.360 0.748
68.383 0.708
68.406 0.635
68.429 0.648
68.452 0.675
68.476 0.730
68.499 0.700
68.522 0.696
68.545 0.702
68.569 0.698
68.592 0.689
68.615 0.705
68.638 0.719
68.661 0.715
68.685 0.660
68.708 0.527
68.731 0.523
68.754 0.569
68.778 0.623
68.801 0.649
68.824 0.642
68.847 0.591
68.870 0.642
68.894 0.680
68.917 0.705
68.940 0.721
68.963 0.748
68.986 0.722
69.010 0.652
69.033 0.673
69.056 0.718
69.079 0.700
69.103 0.706
69.126 0.703
69.149 0.596
69.172 0.503
69.195 0.526
69.219 0.591
69.242 0.642
69.265 0.685
69.288 0.632
69.312 0.628
69.335 0.632
69.358 0.675
69.381 0.714
69.404 0.691
69.428 0.685
69.451 0.618
69.474 0.542
69.497 0.563
69.521 0.578
69.544 0.656
69.567 0.691
69.590 0.660
69.613 0.673
69.637 0.677
69.660 0.715
69.683 0.710
69.706 0.713
69.730 0.696
69.753 0.624
69.776 0.572
69.799 0.581
69.822 0.585
69.846 0.604
69.869 0.602
69.892 0.629
69.915 0.649
69.939 0.682
69.962 0.714
69.985 0.697
70.008 0.732
70.031 0.665
70.055 0.571
70.078 0.555
70.101 0.594
70.124 0.623
70.147 0.685
70.171 0.707
70.194 0.640
70.217 0.633
70.240 0.644
70.264 0.674
70.287 0.661
70.310 0.689
70.333 0.651
70.356 0.563
70.380 0.647
70.403 0.696
70.426 0.702
70.449 0.727
70.473 0.738
70.496 0.675
70.519 0.595
70.542 0.612
70.565 0.667
70.589 0.704
70.612 0.663
70.635 0.639
70.658 0.648
70.682 0.685
70.705 0.688
70.728 0.719
70.751 0.731
70.774 0.737
70.798 0.633
70.821 0.574
70.844 0.624
70.867 0.698
70.891 0.732
70.914 0.733
70.937 0.705
70.960 0.678
70.983 0.696
71.007 0.718
71.030 0.713
71.053 0.693
71.076 0.676
71.100 0.529
71.123 0.485
71.146 0.536
71.169 0.590
71.192 0.611
71.216 0.616
71.239 0.631
71.262 0.666
71.285 0.706
71.308 0.727
71.332 0.724
71.355 0.732
71.378 0.744
71.401 0.685
71.425 0.623
71.448 0.651
71.471 0.685
71.494 0.671
71.517 0.658
71.541 0.610
71.564 0.591
71.587 0.667
71.610 0.700
71.634 0.711
71.657 0.732
71.680 0.744
71.703 0.680
71.726 0.614
71.750 0.641
71.773 0.680
71.796 0.671
71.819 0.683
71.843 0.672
71.866 0.629
71.889 0.659
71.912 0.689
71.935 0.696
71.959 0.729
71.982 0.748
72.005 0.653
72.028 0.590
72.052 0.618
72.075 0.655
72.098 0.640
72.121 0.665
72.144 0.672
72.168 0.665
72.191 0.706
72.214 0.725
72.237 0.750
72.260 0.738
72.284 0.686
72.307 0.520
72.330 0.477
72.353 0.543
72.377 0.554
72.400 0.535
72.423 0.545
72.446 0.594
72.469 0.641
72.493 0.660
72.516 0.677
72.539 0.718
72.562 0.773
72.586 0.762
72.609 0.660
72.632 0.605
72.655 0.660
72.678 0.662
72.702 0.660
72.725 0.660
72.748 0.593
72.771 0.509
72.795 0.514
72.818 0.533
72.841 0.555
72.864 0.559
72.887 0.556
72.911 0.557
72.934 0.551
72.957 0.667
72.980 0.697
73.004 0.634
73.027 0.632
73.050 0.634
73.073 0.607
73.096 0.649
73.120 0.664
73.143 0.723
73.166 0.760
73.189 0.732
73.213 0.581
73.236 0.521
73.259 0.579
73.282 0.617
73.305 0.630
73.329 0.662
73.352 0.635
73.375 0.623
73.398 0.647
73.421 0.643
73.445 0.678
73.468 0.627
73.491 0.602
73.514 0.590
73.538 0.543
73.561 0.588
73.584 0.581
73.607 0.599
73.630 0.615
73.654 0.586
73.677 0.552
73.700 0.578
73.723 0.666
73.747 0.718
73.770 0.723
73.793 0.658
73.816 0.551
73.839 0.517
73.863 0.566
73.886 0.568
73.909 0.553
73.932 0.573
73.956 0.565
73.979 0.530
74.002 0.592
74.025 0.627
74.048 0.662
74.072 0.680
74.095 0.595
74.118 0.527
74.141 0.520
74.165 0.542
74.188 0.622
74.211 0.612
74.234 0.579
74.257 0.550
74.281 0.535
74.304 0.571
74.327 0.640
74.350 0.700
74.374 0.671
74.397 0.592
74.420 0.535
74.443 0.545
74.466 0.573
74.490 0.576
74.513 0.575
74.536 0.610
74.559 0.580
74.582 0.597
74.606 0.630
74.629 0.643
74.652 0.604
74.675 0.546
74.699 0.521
74.722 0.498
74.745 0.537
74.768 0.557
74.791 0.575
74.815 0.599
74.838 0.601
74.861 0.553
74.884 0.568
74.908 0.596
74.931 0.629
74.954 0.662
74.977 0.632
75.000 0.591
75.024 0.562
75.047 0.554
75.070 0.584
75.093 0.566
75.117 0.566
75.140 0.601
75.163 0.562
75.186 0.549
75.209 0.568
75.233 0.589
75.256 0.636
75.279 0.635
75.302 0.571
75.326 0.503
75.349 0.521
75.372 0.562
75.395 0.584
75.418 0.625
75.442 0.614
75.465 0.522
75.488 0.502
75.511 0.509
75.535 0.572
75.558 0.637
75.581 0.634
75.604 0.547
75.627 0.495
75.651 0.540
75.674 0.595
75.697 0.594
75.720 0.578
75.743 0.570
75.767 0.524
75.790 0.491
75.813 0.479
75.836 0.461
75.860 0.494
75.883 0.543
75.906 0.546
75.929 0.536
75.952 0.556
75.976 0.595
75.999 0.594
76.022 0.541
76.045 0.489
76.069 0.470
76.092 0.464
76.115 0.489
76.138 0.546
76.161 0.626
76.185 0.659
76.208 0.574
76.231 0.543
76.254 0.540
76.278 0.537
76.301 0.478
76.324 0.426
76.347 0.423
76.370 0.425
76.394 0.455
76.417 0.488
76.440 0.571
76.463 0.655
76.487 0.603
76.510 0.533
76.533 0.509
76.556 0.552
76.579 0.538
76.603 0.483
76.626 0.452
76.649 0.440
76.672 0.425
76.696 0.466
76.719 0.507
76.742 0.565
76.765 0.668
76.788 0.653
76.812 0.538
76.835 0.491
76.858 0.509
76.881 0.500
76.904 0.485
76.928 0.462
76.951 0.429
76.974 0.430
76.997 0.432
77.021 0.435
77.044 0.458
77.067 0.533
77.090 0.548
77.113 0.513
77.137 0.470
77.160 0.459
77.183 0.415
77.206 0.351
77.230 0.380
77.253 0.434
77.276 0.436
77.299 0.439
77.322 0.483
77.346 0.575
77.369 0.628
77.392 0.593
77.415 0.512
77.439 0.459
77.462 0.440
77.485 0.442
77.508 0.467
77.531 0.457
77.555 0.413
77.578 0.404
77.601 0.438
77.624 0.417
77.648 0.432
77.671 0.484
77.694 0.520
77.717 0.480
77.740 0.431
77.764 0.440
77.787 0.406
77.810 0.353
77.833 0.394
77.857 0.449
77.880 0.438
77.903 0.471
77.926 0.510
77.949 0.606
77.973 0.625
77.996 0.590
78.019 0.540
78.042 0.512
78.065 0.575
78.089 0.587
78.112 0.635
78.135 0.661
78.158 0.633
78.182 0.573
78.205 0.529
78.228 0.530
78.251 0.544
78.274 0.546
78.298 0.564
78.321 0.490
78.344 0.444
78.367 0.495
78.391 0.533
78.414 0.520
78.437 0.531
78.460 0.529
78.483 0.476
78.507 0.510
78.530 0.551
78.553 0.545
78.576 0.574
78.600 0.558
78.623 0.490
78.646 0.462
78.669 0.471
78.692 0.472
78.716 0.486
78.739 0.479
78.762 0.482
78.785 0.451
78.809 0.446
78.832 0.475
78.855 0.480
78.878 0.465
78.901 0.467
78.925 0.448
78.948 0.446
78.971 0.470
78.994 0.467
79.018 0.496
79.041 0.497
79.064 0.501
79.087 0.460
79.110 0.450
79.134 0.461
79.157 0.469
79.180 0.459
79.203 0.476
79.226 0.446
79.250 0.444
79.273 0.456
79.296 0.468
79.319 0.481
79.343 0.484
79.366 0.487
79.389 0.453
79.412 0.470
79.435 0.470
79.459 0.471
79.482 0.475
79.505 0.494
79.528 0.467
79.552 0.463
79.575 0.468
79.598 0.471
79.621 0.461
79.644 0.476
79.668 0.504
79.691 0.471
79.714 0.473
79.737 0.492
79.761 0.456
79.784 0.444
79.807 0.501
79.830 0.482
79.853 0.509
79.877 0.505
79.900 0.486
79.923 0.455
79.946 0.478
79.970 0.513
79.993 0.503
80.016 0.508
80.039 0.508
80.062 0.495
80.086 0.488
80.109 0.509
80.132 0.502
80.155 0.533
80.179 0.515
80.202 0.493
80.225 0.480
80.248 0.481
80.271 0.492
80.295 0.501
80.318 0.530
80.341 0.536
80.364 0.523
80.387 0.495
80.411 0.526
80.434 0.565
80.457 0.609
80.480 0.628
80.504 0.621
80.527 0.616
80.550 0.607
80.573 0.581
80.596 0.579
80.620 0.564
80.643 0.557
80.666 0.537
80.689 0.558
80.713 0.576
80.736 0.550
80.759 0.592
80.782 0.595
80.805 0.564
80.829 0.542
80.852 0.525
80.875 0.547
80.898 0.586
80.922 0.607
80.945 0.623
80.968 0.621
80.991 0.579
81.014 0.573
81.038 0.607
81.061 0.605
81.084 0.619
81.107 0.609
81.131 0.580
81.154 0.543
81.177 0.542
81.200 0.573
81.223 0.622
81.247 0.598
81.270 0.588
81.293 0.552
81.316 0.546
81.340 0.566
81.363 0.597
81.386 0.592
81.409 0.611
81.432 0.588
81.456 0.518
81.479 0.530
81.502 0.574
81.525 0.573
81.548 0.582
81.572 0.601
81.595 0.551
81.618 0.498
81.641 0.529
81.665 0.610
81.688 0.614
81.711 0.595
81.734 0.573
81.757 0.544
81.781 0.541
81.804 0.589
81.827 0.629
81.850 0.647
81.874 0.619
81.897 0.512
81.920 0.503
81.943 0.551
81.966 0.596
81.990 0.628
82.013 0.610
82.036 0.544
82.059 0.493
82.083 0.498
82.106 0.552
82.129 0.612
82.152 0.621
82.175 0.587
82.199 0.517
82.222 0.511
82.245 0.557
82.268 0.580
82.292 0.609
82.315 0.611
82.338 0.547
82.361 0.511
82.384 0.522
82.408 0.603
82.431 0.606
82.454 0.593
82.477 0.595
82.500 0.554
82.524 0.534
82.547 0.537
82.570 0.578
82.593 0.585
82.617 0.591
82.640 0.557
82.663 0.511
82.686 0.512
82.709 0.582
82.733 0.595
82.756 0.599
82.779 0.587
82.802 0.562
82.826 0.582
82.849 0.616
82.872 0.684
82.895 0.679
82.918 0.660
82.942 0.682
82.965 0.668
82.988 0.624
83.011 0.637
83.035 0.616
83.058 0.557
83.081 0.588
83.104 0.602
83.127 0.555
83.151 0.552
83.174 0.601
83.197 0.598
83.220 0.577
83.244 0.584
83.267 0.590
83.290 0.586
83.313 0.603
83.336 0.600
83.360 0.588
83.383 0.606
83.406 0.612
83.429 0.565
83.453 0.579
83.476 0.615
83.499 0.589
83.522 0.566
83.545 0.579
83.569 0.577
83.592 0.576
83.615 0.611
83.638 0.595
83.661 0.556
83.685 0.595
83.708 0.570
83.731 0.552
83.754 0.586
83.778 0.613
83.801 0.593
83.824 0.598
83.847 0.627
83.870 0.587
83.894 0.574
83.917 0.614
83.940 0.602
83.963 0.597
83.987 0.622
84.010 0.635
84.033 0.607
84.056 0.635
84.079 0.693
84.103 0.670
84.126 0.661
84.149 0.673
84.172 0.633
84.196 0.610
84.219 0.639
84.242 0.639
84.265 0.602
84.288 0.621
84.312 0.631
84.335 0.576
84.358 0.607
84.381 0.649
84.405 0.636
84.428 0.633
84.451 0.635
84.474 0.630
84.497 0.639
84.521 0.674
84.544 0.658
84.567 0.644
84.590 0.667
84.614 0.663
84.637 0.633
84.660 0.653
84.683 0.694
84.706 0.682
84.730 0.687
84.753 0.675
84.776 0.643
84.799 0.622
84.822 0.643
84.846 0.665
84.869 0.642
84.892 0.650
84.915 0.630
84.939 0.613
84.962 0.646
84.985 0.660
85.008 0.620
85.031 0.647
85.055 0.652
85.078 0.633
85.101 0.655
85.124 0.661
85.148 0.632
85.171 0.617
85.194 0.615
85.217 0.608
85.240 0.615
85.264 0.627
85.287 0.642
85.310 0.638
85.333 0.616
85.357 0.618
85.380 0.621
85.403 0.594
85.426 0.546
85.449 0.562
85.473 0.574
85.496 0.554
85.519 0.556
85.542 0.575
85.566 0.610
85.589 0.628
85.612 0.616
85.635 0.591
85.658 0.593
85.682 0.582
85.705 0.556
85.728 0.518
85.751 0.540
85.775 0.541
85.798 0.540
85.821 0.549
85.844 0.559
85.867 0.575
85.891 0.592
85.914 0.594
85.937 0.570
85.960 0.563
85.983 0.539
86.007 0.521
86.030 0.482
86.053 0.520
86.076 0.530
86.100 0.526
86.123 0.528
86.146 0.568
86.169 0.576
86.192 0.596
86.216 0.611
86.239 0.598
86.262 0.592
86.285 0.550
86.309 0.524
86.332 0.508
86.355 0.528
86.378 0.580
86.401 0.574
86.425 0.578
86.448 0.672
86.471 0.800
86.494 0.822
86.518 0.834
86.541 0.832
86.564 0.797
86.587 0.822
86.610 0.892
86.634 0.850
86.657 0.799
86.680 0.847
86.703 0.833
86.727 0.774
86.750 0.778
86.773 0.836
86.796 0.852
86.819 0.850
86.843 0.818
86.866 0.763
86.889 0.770
86.912 0.810
86.936 0.845
86.959 0.865
86.982 0.880
87.005 0.875
87.028 0.896
87.052 0.932
87.075 0.859
87.098 0.780
87.121 0.813
87.144 0.768
87.168 0.764
87.191 0.790
87.214 0.780
87.237 0.855
87.261 0.839
87.284 0.720
87.307 0.749
87.330 0.776
87.353 0.798
87.377 0.824
87.400 0.776
87.423 0.728
87.446 0.761
87.470 0.795
87.493 0.781
87.516 0.751
87.539 0.674
87.562 0.698
87.586 0.705
87.609 0.661
87.632 0.601
87.655 0.646
87.679 0.710
87.702 0.648
87.725 0.639
87.748 0.668
87.771 0.640
87.795 0.639
87.818 0.659
87.841 0.662
87.864 0.665
87.888 0.644
87.911 0.596
87.934 0.555
87.957 0.574
87.980 0.580
88.004 0.546
88.027 0.544
88.050 0.581
88.073 0.590
88.097 0.640
88.120 0.672
88.143 0.683
88.166 0.681
88.189 0.622
88.213 0.629
88.236 0.613
88.259 0.640
88.282 0.650
88.305 0.634
88.329 0.633
88.352 0.555
88.375 0.504
88.398 0.508
88.422 0.522
88.445 0.523
88.468 0.523
88.491 0.538
88.514 0.567
88.538 0.586
88.561 0.666
88.584 0.659
88.607 0.606
88.631 0.590
88.654 0.531
88.677 0.510
88.700 0.534
88.723 0.561
88.747 0.571
88.770 0.560
88.793 0.553
88.816 0.612
88.840 0.632
88.863 0.685
88.886 0.666
88.909 0.631
88.932 0.628
88.956 0.568
88.979 0.599
89.002 0.630
89.025 0.645
89.049 0.653
89.072 0.645
89.095 0.610
89.118 0.607
89.141 0.606
89.165 0.679
89.188 0.650
89.211 0.604
89.234 0.640
89.258 0.645
89.281 0.659
89.304 0.675
89.327 0.692
89.350 0.698
89.374 0.656
89.397 0.560
89.420 0.561
89.443 0.533
89.466 0.582
89.490 0.556
89.513 0.527
89.536 0.529
89.559 0.569
89.583 0.613
89.606 0.642
89.629 0.657
89.652 0.662
89.675 0.627
89.699 0.596
89.722 0.610
89.745 0.617
89.768 0.669
89.792 0.660
89.815 0.619
89.838 0.578
89.861 0.597
89.884 0.636
89.908 0.673
89.931 0.673
89.954 0.690
89.977 0.679
90.001 0.604
90.024 0.599
90.047 0.633
90.070 0.678
90.093 0.689
90.117 0.628
90.140 0.628
90.163 0.634
90.186 0.624
90.210 0.641
90.233 0.632
90.256 0.636
90.279 0.596
90.302 0.563
90.326 0.549
90.349 0.538
90.372 0.596
90.395 0.568
90.419 0.526
90.442 0.575
90.465 0.653
90.488 0.656
90.511 0.639
90.535 0.653
90.558 0.633
90.581 0.637
90.604 0.642
90.627 0.605
90.651 0.636
90.674 0.682
90.697 0.622
90.720 0.617
90.744 0.671
90.767 0.663
90.790 0.637
90.813 0.649
90.836 0.634
90.860 0.637
90.883 0.651
90.906 0.601
90.929 0.586
90.953 0.642
90.976 0.659
90.999 0.652
91.022 0.624
91.045 0.600
91.069 0.634
91.092 0.650
91.115 0.645
91.138 0.649
91.162 0.658
91.185 0.651
91.208 0.604
91.231 0.590
91.254 0.633
91.278 0.667
91.301 0.634
91.324 0.639
91.347 0.628
91.371 0.636
91.394 0.648
91.417 0.663
91.440 0.663
91.463 0.641
91.487 0.596
91.510 0.562
91.533 0.548
91.556 0.577
91.580 0.594
91.603 0.535
91.626 0.533
91.649 0.546
91.672 0.584
91.696 0.619
91.719 0.634
91.742 0.644
91.765 0.645
91.788 0.659
91.812 0.606
91.835 0.572
91.858 0.618
91.881 0.648
91.905 0.610
91.928 0.594
91.951 0.561
91.974 0.606
91.997 0.633
92.021 0.640
92.044 0.652
92.067 0.636
92.090 0.582
92.114 0.582
92.137 0.606
92.160 0.643
92.183 0.673
92.206 0.609
92.230 0.624
92.253 0.638
92.276 0.611
92.299 0.604
92.323 0.676
92.346 0.635
92.369 0.632
92.392 0.595
92.415 0.612
92.439 0.621
92.462 0.669
92.485 0.657
92.508 0.619
92.532 0.644
92.555 0.667
92.578 0.651
92.601 0.683
92.624 0.707
92.648 0.707
92.671 0.702
92.694 0.638
92.717 0.575
92.740 0.538
92.764 0.601
92.787 0.605
92.810 0.593
92.833 0.583
92.857 0.616
92.880 0.644
92.903 0.649
92.926 0.694
92.949 0.702
92.973 0.679
92.996 0.629
93.019 0.612
93.042 0.641
93.066 0.708
93.089 0.652
93.112 0.638
93.135 0.618
93.158 0.552
93.182 0.520
93.205 0.530
93.228 0.528
93.251 0.529
93.275 0.524
93.298 0.568
93.321 0.612
93.344 0.620
93.367 0.696
93.391 0.689
93.414 0.630
93.437 0.602
93.460 0.575
93.484 0.561
93.507 0.567
93.530 0.572
93.553 0.575
93.576 0.577
93.600 0.569
93.623 0.596
93.646 0.622
93.669 0.692
93.693 0.657
93.716 0.632
93.739 0.586
93.762 0.587
93.785 0.638
93.809 0.705
93.832 0.726
93.855 0.708
93.878 0.657
93.901 0.613
93.925 0.637
93.948 0.642
93.971 0.681
93.994 0.646
94.018 0.634
94.041 0.651
94.064 0.656
94.087 0.663
94.110 0.683
94.134 0.706
94.157 0.694
94.180 0.617
94.203 0.559
94.227 0.551
94.250 0.570
94.273 0.601
94.296 0.554
94.319 0.531
94.343 0.517
94.366 0.606
94.389 0.616
94.412 0.625
94.436 0.669
94.459 0.667
94.482 0.650
94.505 0.640
94.528 0.635
94.552 0.637
94.575 0.669
94.598 0.635
94.621 0.653
94.645 0.632
94.668 0.654
94.691 0.696
94.714 0.682
94.737 0.694
94.761 0.686
94.784 0.675
94.807 0.596
94.830 0.597
94.854 0.655
94.877 0.690
94.900 0.634
94.923 0.613
94.946 0.642
94.970 0.658
94.993 0.646
95.016 0.668
95.039 0.693
95.062 0.671
95.086 0.604
95.109 0.562
95.132 0.526
95.155 0.573
95.179 0.589
95.202 0.530
95.225 0.514
95.248 0.567
95.271 0.631
95.295 0.634
95.318 0.637
95.341 0.658
95.364 0.688
95.388 0.682
95.411 0.664
95.434 0.636
95.457 0.649
95.480 0.697
95.504 0.654
95.527 0.628
95.550 0.604
95.573 0.626
95.597 0.649
95.620 0.671
95.643 0.683
95.666 0.656
95.689 0.605
95.713 0.612
95.736 0.602
95.759 0.659
95.782 0.679
95.806 0.650
95.829 0.629
95.852 0.620
95.875 0.610
95.898 0.623
95.922 0.664
95.945 0.699
95.968 0.701
95.991 0.632
96.015 0.642
96.038 0.634
96.061 0.672
96.084 0.656
96.107 0.612
96.131 0.634
96.154 0.644
96.177 0.660
96.200 0.655
96.223 0.653
96.247 0.639
96.270 0.643
96.293 0.575
96.316 0.597
96.340 0.621
96.363 0.671
96.386 0.688
96.409 0.630
96.432 0.633
96.456 0.627
96.479 0.647
96.502 0.653
96.525 0.641
96.549 0.674
96.572 0.688
96.595 0.599
96.618 0.613
96.641 0.660
96.665 0.739
96.688 0.706
96.711 0.640
96.734 0.621
96.758 0.553
96.781 0.583
96.804 0.625
96.827 0.635
96.850 0.585
96.874 0.566
96.897 0.547
96.920 0.588
96.943 0.631
96.967 0.685
96.990 0.662
97.013 0.626
97.036 0.645
97.059 0.529
97.083 0.542
97.106 0.571
97.129 0.617
97.152 0.589
97.176 0.554
97.199 0.518
97.222 0.572
97.245 0.611
97.268 0.677
97.292 0.670
97.315 0.673
97.338 0.680
97.361 0.641
97.384 0.632
97.408 0.689
97.431 0.688
97.454 0.650
97.477 0.674
97.501 0.619
97.524 0.554
97.547 0.546
97.570 0.633
97.593 0.589
97.617 0.590
97.640 0.624
97.663 0.649
97.686 0.658
97.710 0.671
97.733 0.661
97.756 0.679
97.779 0.644
97.802 0.635
97.826 0.619
97.849 0.661
97.872 0.704
97.895 0.666
97.919 0.638
97.942 0.643
97.965 0.569
97.988 0.550
98.011 0.542
98.035 0.538
98.058 0.537
98.081 0.555
98.104 0.604
98.128 0.617
98.151 0.659
98.174 0.704
98.197 0.656
98.220 0.673
98.244 0.624
98.267 0.566
98.290 0.566
98.313 0.587
98.337 0.596
98.360 0.577
98.383 0.580
98.406 0.623
98.429 0.613
98.453 0.619
98.476 0.644
98.499 0.634
98.522 0.645
98.545 0.623
98.569 0.637
98.592 0.638
98.615 0.635
98.638 0.631
98.662 0.624
98.685 0.622
98.708 0.622
98.731 0.598
98.754 0.621
98.778 0.678
98.801 0.648
98.824 0.657
98.847 0.663
98.871 0.668
98.894 0.656
98.917 0.666
98.940 0.692
98.963 0.687
98.987 0.626
99.010 0.543
99.033 0.504
99.056 0.570
99.080 0.610
99.103 0.574
99.126 0.565
99.149 0.581
99.172 0.632
99.196 0.647
99.219 0.635
99.242 0.663
99.265 0.671
99.289 0.602
99.312 0.591
99.335 0.599
99.358 0.667
99.381 0.723
99.405 0.665
99.428 0.641
99.451 0.601
99.474 0.630
99.498 0.664
99.521 0.692
99.544 0.677
99.567 0.666
99.590 0.626
99.614 0.633
99.637 0.618
99.660 0.683
99.683 0.699
99.706 0.673
99.730 0.680
99.753 0.713
99.776 0.674
99.799 0.650
99.823 0.644
99.846 0.666
99.869 0.650
99.892 0.559
99.915 0.535
99.939 0.513
99.962 0.608
99.985 0.627
100.008 0.585
100.032 0.566
100.055 0.584
100.078 0.633
100.101 0.630
100.124 0.634
100.148 0.655
100.171 0.635
100.194 0.615
100.217 0.589
100.241 0.582
100.264 0.686
100.287 0.692
100.310 0.635
100.333 0.654
100.357 0.662
100.380 0.620
100.403 0.611
100.426 0.637
100.450 0.657
100.473 0.647
100.496 0.606
100.519 0.585
100.542 0.618
100.566 0.658
100.589 0.648
100.612 0.634
100.635 0.652
100.659 0.643
100.682 0.622
100.705 0.648
100.728 0.666
100.751 0.672
100.775 0.670
100.798 0.621
100.821 0.621
100.844 0.616
100.867 0.673
100.891 0.679
100.914 0.649
100.937 0.670
100.960 0.671
100.984 0.660
101.007 0.652
101.030 0.664
101.053 0.655
101.076 0.621
101.100 0.574
101.123 0.544
101.146 0.549
101.169 0.622
101.193 0.609
101.216 0.573
101.239 0.561
101.262 0.610
101.285 0.624
101.309 0.614
101.332 0.676
101.355 0.678
101.378 0.645
101.402 0.645
101.425 0.622
101.448 0.623
101.471 0.672
101.494 0.634
101.518 0.628
101.541 0.608
101.564 0.595
101.587 0.587
101.611 0.645
101.634 0.668
101.657 0.638
101.680 0.616
101.703 0.580
101.727 0.583
101.750 0.628
101.773 0.666
101.796 0.642
101.820 0.630
101.843 0.630
101.866 0.601
101.889 0.574
101.912 0.657
101.936 0.676
101.959 0.656
101.982 0.622
102.005 0.602
102.028 0.596
102.052 0.622
102.075 0.696
102.098 0.675
102.121 0.672
102.145 0.675
102.168 0.624
102.191 0.627
102.214 0.665
102.237 0.667
102.261 0.665
102.284 0.605
102.307 0.583
102.330 0.541
102.354 0.560
102.377 0.607
102.400 0.585
102.423 0.596
102.446 0.608
102.470 0.646
102.493 0.660
102.516 0.674
102.539 0.659
102.563 0.673
102.586 0.662
102.609 0.647
102.632 0.627
102.655 0.666
102.679 0.652
102.702 0.635
102.725 0.676
102.748 0.637
102.772 0.541
102.795 0.538
102.818 0.541
102.841 0.533
102.864 0.541
102.888 0.542
102.911 0.609
102.934 0.599
102.957 0.632
102.980 0.672
103.004 0.635
103.027 0.640
103.050 0.585
103.073 0.561
103.097 0.562
103.120 0.557
103.143 0.562
103.166 0.579
103.189 0.576
103.213 0.615
103.236 0.608
103.259 0.636
103.282 0.645
103.306 0.636
103.329 0.649
103.352 0.619
103.375 0.677
103.398 0.695
103.422 0.698
103.445 0.713
103.468 0.690
103.491 0.612
103.515 0.599
103.538 0.607
103.561 0.668
103.584 0.661
103.607 0.618
103.631 0.679
103.654 0.730
103.677 0.706
103.700 0.701
103.724 0.700
103.747 0.702
103.770 0.694
103.793 0.589
103.816 0.556
103.840 0.544
103.863 0.626
103.886 0.617
103.909 0.567
103.933 0.575
103.956 0.599
103.979 0.635
104.002 0.679
104.025 0.701
104.049 0.689
104.072 0.706
104.095 0.670
104.118 0.617
104.141 0.631
104.165 0.691
104.188 0.695
104.211 0.676
104.234 0.676
104.258 0.629
104.281 0.620
104.304 0.674
104.327 0.685
104.350 0.703
104.374 0.693
104.397 0.647
104.420 0.603
104.443 0.628
104.467 0.706
104.490 0.703
104.513 0.681
104.536 0.706
104.559 0.679
104.583 0.638
104.606 0.670
104.629 0.675
104.652 0.643
104.676 0.648
104.699 0.603
104.722 0.546
104.745 0.543
104.768 0.623
104.792 0.602
104.815 0.558
104.838 0.562
104.861 0.614
104.885 0.618
104.908 0.681
104.931 0.675
104.954 0.642
104.977 0.653
105.001 0.669
105.024 0.630
105.047 0.635
105.070 0.701
105.094 0.698
105.117 0.629
105.140 0.636
105.163 0.626
105.186 0.620
105.210 0.686
105.233 0.712
105.256 0.670
105.279 0.661
105.302 0.610
105.326 0.586
105.349 0.639
105.372 0.717
105.395 0.686
105.419 0.653
105.442 0.664
105.465 0.629
105.488 0.629
105.511 0.662
105.535 0.651
105.558 0.622
105.581 0.618
105.604 0.629
105.628 0.612
105.651 0.613
105.674 0.670
105.697 0.633
105.720 0.619
105.744 0.651
105.767 0.676
105.790 0.679
105.813 0.695
105.837 0.647
105.860 0.650
105.883 0.602
105.906 0.536
105.929 0.590
105.953 0.638
105.976 0.641
105.999 0.651
106.022 0.669
106.046 0.673
106.069 0.609
106.092 0.633
106.115 0.686
106.138 0.685
106.162 0.685
106.185 0.623
106.208 0.530
106.231 0.587
106.255 0.587
106.278 0.620
106.301 0.624
106.324 0.615
106.347 0.580
106.371 0.586
106.394 0.612
106.417 0.627
106.440 0.661
106.463 0.649
106.487 0.585
106.510 0.593
106.533 0.626
106.556 0.613
106.580 0.605
106.603 0.614
106.626 0.591
106.649 0.539
106.672 0.569
106.696 0.583
106.719 0.587
106.742 0.590
106.765 0.610
106.789 0.595
106.812 0.606
106.835 0.652
106.858 0.716
106.881 0.783
106.905 0.778
106.928 0.766
106.951 0.742
106.974 0.675
106.998 0.681
107.021 0.752
107.044 0.774
107.067 0.764
107.090 0.740
107.114 0.643
107.137 0.668
107.160 0.704
107.183 0.684
107.207 0.719
107.230 0.723
107.253 0.668
107.276 0.628
107.299 0.681
107.323 0.752
107.346 0.779
107.369 0.777
107.392 0.729
107.416 0.605
107.439 0.625
107.462 0.715
107.485 0.738
107.508 0.736
107.532 0.700
107.555 0.578
107.578 0.480
107.601 0.538
107.624 0.651
107.648 0.675
107.671 0.680
107.694 0.677
107.717 0.622
107.741 0.649
107.764 0.770
107.787 0.735
107.810 0.649
107.833 0.644
107.857 0.587
107.880 0.497
107.903 0.523
107.926 0.512
107.950 0.534
107.973 0.557
107.996 0.549
108.019 0.576
108.042 0.565
108.066 0.594
108.089 0.596
108.112 0.601
108.135 0.551
108.159 0.462
108.182 0.467
108.205 0.513
108.228 0.588
108.251 0.600
108.275 0.574
108.298 0.578
108.321 0.595
108.344 0.582
108.368 0.599
108.391 0.633
108.414 0.610
108.437 0.516
108.460 0.443
108.484 0.479
108.507 0.509
108.530 0.530
108.553 0.537
108.577 0.510
108.600 0.539
108.623 0.595
108.646 0.630
108.669 0.681
108.693 0.642
108.716 0.627
108.739 0.624
108.762 0.663
108.785 0.625
108.809 0.658
108.832 0.667
108.855 0.613
108.878 0.613
108.902 0.587
108.925 0.597
108.948 0.620
108.971 0.690
108.994 0.669
109.018 0.628
109.041 0.606
109.064 0.613
109.087 0.612
109.111 0.650
109.134 0.656
109.157 0.619
109.180 0.586
109.203 0.613
109.227 0.594
109.250 0.618
109.273 0.715
109.296 0.673
109.320 0.660
109.343 0.672
109.366 0.667
109.389 0.647
109.412 0.664
109.436 0.672
109.459 0.684
109.482 0.650
109.505 0.591
109.529 0.551
109.552 0.573
109.575 0.616
109.598 0.584
109.621 0.582
109.645 0.612
109.668 0.637
109.691 0.629
109.714 0.645
109.738 0.643
109.761 0.651
109.784 0.687
109.807 0.652
109.830 0.606
109.854 0.638
109.877 0.685
109.900 0.694
109.923 0.681
109.946 0.606
109.970 0.608
109.993 0.603
110.016 0.633
110.039 0.637
110.063 0.631
110.086 0.620
110.109 0.598
110.132 0.599
110.155 0.632
110.179 0.664
110.202 0.635
110.225 0.648
110.248 0.644
110.272 0.609
110.295 0.629
110.318 0.649
110.341 0.646
110.364 0.662
110.388 0.626
110.411 0.561
110.434 0.557
110.457 0.626
110.481 0.639
110.504 0.601
110.527 0.636
110.550 0.648
110.573 0.676
110.597 0.635
110.620 0.616
110.643 0.606
110.666 0.610
110.690 0.535
110.713 0.521
110.736 0.516
110.759 0.561
110.782 0.588
110.806 0.576
110.829 0.593
110.852 0.606
110.875 0.632
110.899 0.636
110.922 0.645
110.945 0.659
110.968 0.678
110.991 0.675
111.015 0.631
111.038 0.582
111.061 0.631
111.084 0.647
111.107 0.625
111.131 0.629
111.154 0.545
111.177 0.504
111.200 0.514
111.224 0.566
111.247 0.537
111.270 0.562
111.293 0.573
111.316 0.584
111.340 0.569
111.363 0.630
111.386 0.640
111.409 0.636
111.433 0.653
111.456 0.619
111.479 0.600
111.502 0.615
111.525 0.647
111.549 0.660
111.572 0.651
111.595 0.668
111.618 0.644
111.642 0.612
111.665 0.649
111.688 0.653
111.711 0.648
111.734 0.634
111.758 0.635
111.781 0.604
111.804 0.632
111.827 0.641
111.851 0.610
111.874 0.569
111.897 0.538
111.920 0.532
111.943 0.513
111.967 0.573
111.990 0.581
112.013 0.562
112.036 0.565
112.060 0.628
112.083 0.672
112.106 0.669
112.129 0.657
112.152 0.669
112.176 0.676
112.199 0.639
112.222 0.604
112.245 0.627
112.268 0.687
112.292 0.628
112.315 0.619
112.338 0.599
112.361 0.537
112.385 0.527
112.408 0.525
112.431 0.539
112.454 0.528
112.477 0.519
112.501 0.582
112.524 0.609
112.547 0.587
112.570 0.655
112.594 0.652
112.617 0.629
112.640 0.594
112.663 0.526
112.686 0.534
112.710 0.563
112.733 0.565
112.756 0.560
112.779 0.564
112.803 0.609
112.826 0.610
112.849 0.630
112.872 0.702
112.895 0.692
112.919 0.686
112.942 0.643
112.965 0.547
112.988 0.551
113.012 0.568
113.035 0.574
113.058 0.580
113.081 0.560
113.104 0.586
113.128 0.596
113.151 0.632
113.174 0.700
113.197 0.663
113.220 0.653
113.244 0.602
113.267 0.579
113.290 0.582
113.313 0.577
113.337 0.592
113.360 0.580
113.383 0.565
113.406 0.593
113.429 0.591
113.453 0.638
113.476 0.693
113.499 0.669
113.522 0.664
113.546 0.602
113.569 0.605
113.592 0.666
113.615 0.683
113.638 0.684
113.662 0.662
113.685 0.627
113.708 0.594
113.731 0.588
113.755 0.620
113.778 0.672
113.801 0.654
113.824 0.643
113.847 0.597
113.871 0.617
113.894 0.635
113.917 0.656
113.940 0.671
113.964 0.648
113.987 0.609
114.010 0.584
114.033 0.589
114.056 0.663
114.080 0.688
114.103 0.635
114.126 0.631
114.149 0.643
114.173 0.614
114.196 0.605
114.219 0.632
114.242 0.626
114.265 0.582
114.289 0.549
114.312 0.560
114.335 0.510
114.358 0.561
114.381 0.580
114.405 0.569
114.428 0.543
114.451 0.599
114.474 0.610
114.498 0.624
114.521 0.688
114.544 0.663
114.567 0.611
114.590 0.635
114.614 0.641
114.637 0.614
114.660 0.643
114.683 0.677
114.707 0.640
114.730 0.607
114.753 0.641
114.776 0.632
114.799 0.609
114.823 0.659
114.846 0.630
114.869 0.600
114.892 0.639
114.916 0.610
114.939 0.594
114.962 0.665
114.985 0.711
115.008 0.626
115.032 0.646
115.055 0.679
115.078 0.614
115.101 0.630
115.125 0.652
115.148 0.601
115.171 0.594
115.194 0.662
115.217 0.651
115.241 0.624
115.264 0.683
115.287 0.663
115.310 0.641
115.334 0.694
115.357 0.678
115.380 0.649
115.403 0.642
115.426 0.637
115.450 0.655
115.473 0.663
115.496 0.560
115.519 0.516
115.542 0.569
115.566 0.610
115.589 0.649
115.612 0.678
115.635 0.676
115.659 0.685
115.682 0.703
115.705 0.735
115.728 0.741
115.751 0.738
115.775 0.750
115.798 0.743
115.821 0.690
115.844 0.733
115.868 0.757
115.891 0.763
115.914 0.764
115.937 0.708
115.960 0.575
115.984 0.550
116.007 0.588
116.030 0.601
116.053 0.562
116.077 0.574
116.100 0.684
116.123 0.706
116.146 0.709
116.169 0.746
116.193 0.781
116.216 0.785
116.239 0.732
116.262 0.648
116.286 0.653
116.309 0.717
116.332 0.723
116.355 0.725
116.378 0.722
116.402 0.648
116.425 0.536
116.448 0.527
116.471 0.606
116.495 0.569
116.518 0.540
116.541 0.580
116.564 0.578
116.587 0.548
116.611 0.560
116.634 0.579
116.657 0.577
116.680 0.584
116.703 0.581
116.727 0.564
116.750 0.567
116.773 0.592
116.796 0.612
116.820 0.630
116.843 0.617
116.866 0.597
116.889 0.614
116.912 0.649
116.936 0.642
116.959 0.570
116.982 0.543
117.005 0.527
117.029 0.542
117.052 0.584
117.075 0.552
117.098 0.547
117.121 0.496
117.145 0.482
117.168 0.458
117.191 0.442
117.214 0.428
117.238 0.455
117.261 0.462
117.284 0.461
117.307 0.439
117.330 0.466
117.354 0.517
117.377 0.530
117.400 0.486
117.423 0.456
117.447 0.425
117.470 0.402
117.493 0.411
117.516 0.413
117.539 0.408
117.563 0.393
117.586 0.407
117.609 0.435
117.632 0.461
117.656 0.456
117.679 0.463
117.702 0.489
117.725 0.523
117.748 0.471
117.772 0.488
117.795 0.460
117.818 0.442
117.841 0.465
117.864 0.475
117.888 0.431
117.911 0.407
117.934 0.386
117.957 0.382
117.981 0.388
118.004 0.438
118.027 0.449
118.050 0.410
118.073 0.370
118.097 0.376
118.120 0.373
118.143 0.376
118.166 0.367
118.190 0.382
118.213 0.418
118.236 0.419
118.259 0.440
118.282 0.438
118.306 0.430
118.329 0.405
118.352 0.383
118.375 0.407
118.399 0.413
118.422 0.376
118.445 0.382
118.468 0.394
118.491 0.395
118.515 0.388
118.538 0.421
118.561 0.428
118.584 0.426
118.608 0.404
118.631 0.372
118.654 0.361
118.677 0.382
118.700 0.410
118.724 0.439
118.747 0.461
118.770 0.457
118.793 0.393
118.817 0.276
118.840 0.179
118.863 0.150
118.886 0.138
118.909 0.140
118.933 0.132
118.956 0.118
118.979 0.116
119.002 0.139
119.025 0.166
119.049 0.153
119.072 0.142
119.095 0.128
119.118 0.122
119.142 0.119
119.165 0.136
119.188 0.144
119.211 0.134
119.234 0.140
119.258 0.147
119.281 0.144
119.304 0.139
119.327 0.148
119.351 0.162
119.374 0.144
119.397 0.125
119.420 0.109
119.443 0.109
119.467 0.111
119.490 0.125
119.513 0.137
119.536 0.135
119.560 0.128
119.583 0.133
119.606 0.146
119.629 0.153
119.652 0.150
119.676 0.148
119.699 0.141
119.722 0.127
119.745 0.123
119.769 0.116
119.792 0.109
119.815 0.103
119.838 0.103
119.861 0.103
119.885 0.110
119.908 0.112
119.931 0.114
119.954 0.127
119.978 0.134
120.001 0.133
120.024 0.142
120.047 0.129
120.070 0.128
120.094 0.126
120.117 0.134
120.140 0.132
120.163 0.124
120.186 0.118
120.210 0.120
120.233 0.119
120.256 0.116
120.279 0.103
120.303 0.107
120.326 0.116
120.349 0.111
120.372 0.115
120.395 0.110
120.419 0.117
120.442 0.124
120.465 0.118
120.488 0.135
120.512 0.144
120.535 0.130
120.558 0.135
120.581 0.137
120.604 0.141
120.628 0.136
120.651 0.127
120.674 0.131
120.697 0.122
120.721 0.126
120.744 0.132
120.767 0.130
120.790 0.109
120.813 0.108
120.837 0.106
120.860 0.100
120.883 0.101
120.906 0.150
120.930 0.167
120.953 0.150
120.976 0.141
120.999 0.143
121.022 0.140
121.046 0.138
121.069 0.157
121.092 0.142
121.115 0.131
121.139 0.141
121.162 0.140
121.185 0.143
121.208 0.145
121.231 0.131
121.255 0.097
121.278 0.088
121.301 0.087
121.324 0.088
121.347 0.076
121.371 0.083
121.394 0.083
121.417 0.080
121.440 0.068
121.464 0.059
121.487 0.057
121.510 0.069
121.533 0.076
121.556 0.073
121.580 0.077
121.603 0.074
121.626 0.067
121.649 0.074
121.673 0.097
121.696 0.095
121.719 0.094
121.742 0.091
121.765 0.079
121.789 0.079
121.812 0.098
121.835 0.093
121.858 0.081
121.882 0.070
121.905 0.059
121.928 0.057
121.951 0.058
121.974 0.059
121.998 0.050
122.021 0.041
122.044 0.035
122.067 0.031
122.091 0.044
122.114 0.104
122.137 0.107
122.160 0.082
122.183 0.073
122.207 0.070
122.230 0.080
122.253 0.099
122.276 0.111
122.300 0.097
122.323 0.081
122.346 0.073
122.369 0.071
122.392 0.091
122.416 0.120
122.439 0.112
122.462 0.101
122.485 0.096
122.508 0.085
122.532 0.086
122.555 0.091
122.578 0.099
122.601 0.099
122.625 0.096
122.648 0.087
122.671 0.082
122.694 0.080
122.717 0.094
122.741 0.092
122.764 0.095
122.787 0.091
122.810 0.087
122.834 0.081
122.857 0.097
122.880 0.116
122.903 0.117
122.926 0.110
122.950 0.098
122.973 0.098
122.996 0.111
123.019 0.135
123.043 0.119
123.066 0.107
123.089 0.102
123.112 0.100
123.135 0.099
123.159 0.104
123.182 0.096
123.205 0.094
123.228 0.092
123.252 0.087
123.275 0.088
123.298 0.113
123.321 0.137
123.344 0.129
123.368 0.119
123.391 0.110
123.414 0.107
123.437 0.123
123.460 0.151
123.484 0.141
123.507 0.116
123.530 0.103
123.553 0.097
123.577 0.089
123.600 0.129
123.623 0.139
123.646 0.118
123.669 0.107
123.693 0.113
123.716 0.117
123.739 0.113
123.762 0.108
123.786 0.110
123.809 0.112
123.832 0.112
123.855 0.108
123.878 0.106
123.902 0.110
123.925 0.117
123.948 0.118
123.971 0.113
123.995 0.109
124.018 0.105
124.041 0.101
124.064 0.118
124.087 0.118
124.111 0.105
124.134 0.098
124.157 0.090
124.180 0.083
124.204 0.104
124.227 0.105
124.250 0.078
124.273 0.064
124.296 0.063
124.320 0.064
124.343 0.066
124.366 0.072
124.389 0.081
124.413 0.082
124.436 0.075
124.459 0.066
124.482 0.055
124.505 0.061
124.529 0.076
124.552 0.067
124.575 0.061
124.598 0.062
124.621 0.057
124.645 0.056
124.668 0.076
124.691 0.097
124.714 0.101
124.738 0.087
124.761 0.073
124.784 0.076
124.807 0.118
124.830 0.125
124.854 0.109
124.877 0.104
124.900 0.099
124.923 0.095
124.947 0.095
124.970 0.091
124.993 0.089
125.016 0.082
125.039 0.078
125.063 0.080
125.086 0.071
125.109 0.077
125.132 0.087
125.156 0.086
125.179 0.091
125.202 0.085
125.225 0.074
125.248 0.085
125.272 0.105
125.295 0.097
125.318 0.082
125.341 0.081
125.365 0.076
125.388 0.074
125.411 0.119
125.434 0.117
125.457 0.091
125.481 0.077
125.504 0.078
125.527 0.082
125.550 0.088
125.574 0.087
125.597 0.084
125.620 0.078
125.643 0.077
125.666 0.071
125.690 0.109
125.713 0.183
125.736 0.182
125.759 0.142
125.782 0.111
125.806 0.101
125.829 0.098
125.852 0.149
125.875 0.164
125.899 0.147
125.922 0.139
125.945 0.140
125.968 0.138
125.991 0.154
126.015 0.152
126.038 0.118
126.061 0.091
126.084 0.080
126.108 0.078
126.131 0.074
126.154 0.078
126.177 0.088
126.200 0.073
126.224 0.062
126.247 0.061
126.270 0.056
126.293 0.056
126.317 0.063
126.340 0.064
126.363 0.054
126.386 0.053
126.409 0.056
126.433 0.053
126.456 0.073
126.479 0.094
126.502 0.088
126.526 0.076
126.549 0.075
126.572 0.073
126.595 0.080
126.618 0.097
126.642 0.085
126.665 0.070
126.688 0.059
126.711 0.050
126.735 0.050
126.758 0.053
126.781 0.056
126.804 0.050
126.827 0.039
126.851 0.032
126.874 0.029
126.897 0.053
126.920 0.085
126.943 0.092
126.967 0.064
126.990 0.050
127.013 0.041
127.036 0.044
127.060 0.095
127.083 0.111
127.106 0.092
127.129 0.080
127.152 0.078
127.176 0.080
127.199 0.128
127.222 0.145
127.245 0.123
127.269 0.117
127.292 0.100
127.315 0.088
127.338 0.087
127.361 0.086
127.385 0.091
127.408 0.084
127.431 0.078
127.454 0.075
127.478 0.080
127.501 0.088
127.524 0.095
127.547 0.088
127.570 0.090
127.594 0.086
127.617 0.077
127.640 0.075
127.663 0.119
127.687 0.127
127.710 0.105
127.733 0.092
127.756 0.089
127.779 0.083
127.803 0.104
127.826 0.134
127.849 0.108
127.872 0.104
127.896 0.105
127.919 0.106
127.942 0.113
127.965 0.122
127.988 0.121
128.012 0.117
128.035 0.122
128.058 0.116
128.081 0.111
128.104 0.192
128.128 0.231
128.151 0.223
128.174 0.186
128.197 0.163
128.221 0.136
128.244 0.131
128.267 0.160
128.290 0.171
128.313 0.154
128.337 0.146
128.360 0.130
128.383 0.177
128.406 0.290
128.430 0.211
128.453 0.108
128.476 0.079
128.499 0.065
128.522 0.064
128.546 0.059
128.569 0.078
128.592 0.087
128.615 0.105
128.639 0.118
128.662 0.106
128.685 0.080
128.708 0.094
128.731 0.109
128.755 0.120
128.778 0.133
128.801 0.116
128.824 0.115
128.848 0.111
128.871 0.127
128.894 0.134
128.917 0.126
128.940 0.125
128.964 0.104
128.987 0.094
129.010 0.106
129.033 0.105
129.057 0.079
129.080 0.069
129.103 0.077
129.126 0.076
129.149 0.076
129.173 0.089
129.196 0.111
129.219 0.113
129.242 0.104
129.265 0.093
129.289 0.095
129.312 0.099
129.335 0.081
129.358 0.062
129.382 0.057
129.405 0.054
129.428 0.054
129.451 0.062
129.474 0.076
129.498 0.079
129.521 0.081
129.544 0.088
129.567 0.080
129.591 0.097
129.614 0.121
129.637 0.117
129.660 0.110
129.683 0.103
129.707 0.105
129.730 0.106
129.753 0.103
129.776 0.099
129.800 0.096
129.823 0.106
129.846 0.110
129.869 0.099
129.892 0.102
129.916 0.101
129.939 0.099
129.962 0.094
129.985 0.099
130.009 0.087
130.032 0.081
130.055 0.108
130.078 0.130
130.101 0.141
130.125 0.129
130.148 0.120
130.171 0.132
130.194 0.132
130.218 0.137
130.241 0.120
130.264 0.112
130.287 0.105
130.310 0.113
130.334 0.121
130.357 0.112
130.380 0.096
130.403 0.088
130.426 0.076
130.450 0.059
130.473 0.053
130.496 0.110
130.519 0.168
130.543 0.160
130.566 0.132
130.589 0.112
130.612 0.094
130.635 0.097
130.659 0.141
130.682 0.149
130.705 0.131
130.728 0.145
130.752 0.155
130.775 0.157
130.798 0.159
130.821 0.147
130.844 0.112
130.868 0.110
130.891 0.112
130.914 0.111
130.937 0.105
130.961 0.119
130.984 0.130
131.007 0.119
131.030 0.111
131.053 0.101
131.077 0.096
131.100 0.110
131.123 0.124
131.146 0.125
131.170 0.122
131.193 0.121
131.216 0.116
131.239 0.118
131.262 0.133
131.286 0.141
131.309 0.135
131.332 0.140
131.355 0.134
131.379 0.126
131.402 0.121
131.425 0.118
131.448 0.096
131.471 0.079
131.495 0.072
131.518 0.068
131.541 0.065
131.564 0.070
131.587 0.067
131.611 0.059
131.634 0.054
131.657 0.050
131.680 0.053
131.704 0.105
131.727 0.133
131.750 0.114
131.773 0.097
131.796 0.090
131.820 0.085
131.843 0.097
131.866 0.126
131.889 0.123
131.913 0.101
131.936 0.091
131.959 0.078
131.982 0.077
132.005 0.108
132.029 0.099
132.052 0.080
132.075 0.076
132.098 0.075
132.122 0.075
132.145 0.075
132.168 0.085
132.191 0.084
132.214 0.084
132.238 0.086
132.261 0.078
132.284 0.072
132.307 0.081
132.331 0.093
132.354 0.084
132.377 0.079
132.400 0.080
132.423 0.079
132.447 0.088
132.470 0.108
132.493 0.103
132.516 0.105
132.540 0.100
132.563 0.099
132.586 0.105
132.609 0.138
132.632 0.131
132.656 0.110
132.679 0.117
132.702 0.120
132.725 0.114
132.748 0.113
132.772 0.111
132.795 0.105
132.818 0.102
132.841 0.104
132.865 0.101
132.888 0.109
132.911 0.147
132.934 0.147
132.957 0.127
132.981 0.126
133.004 0.112
133.027 0.097
133.050 0.139
133.074 0.148
133.097 0.126
133.120 0.107
133.143 0.103
133.166 0.092
133.190 0.097
133.213 0.147
133.236 0.147
133.259 0.126
133.283 0.130
133.306 0.126
133.329 0.122
133.352 0.121
133.375 0.124
133.399 0.121
133.422 0.114
133.445 0.117
133.468 0.107
133.492 0.104
133.515 0.114
133.538 0.113
133.561 0.106
133.584 0.103
133.608 0.106
133.631 0.109
133.654 0.126
133.677 0.143
133.700 0.124
133.724 0.116
133.747 0.111
133.770 0.106
133.793 0.120
133.817 0.128
133.840 0.110
133.863 0.086
133.886 0.084
133.909 0.087
133.933 0.082
133.956 0.079
133.979 0.081
134.002 0.085
134.026 0.080
134.049 0.074
134.072 0.067
134.095 0.068
134.118 0.080
134.142 0.084
134.165 0.075
134.188 0.069
134.211 0.063
134.235 0.067
134.258 0.078
134.281 0.088
134.304 0.091
134.327 0.091
134.351 0.085
134.374 0.076
134.397 0.118
134.420 0.133
134.444 0.119
134.467 0.104
134.490 0.106
134.513 0.110
134.536 0.108
134.560 0.100
134.583 0.094
134.606 0.096
134.629 0.098
134.653 0.092
134.676 0.089
134.699 0.095
134.722 0.102
134.745 0.099
134.769 0.098
134.792 0.093
134.815 0.090
134.838 0.097
134.861 0.126
134.885 0.132
134.908 0.122
134.931 0.120
134.954 0.113
134.978 0.100
135.001 0.112
135.024 0.118
135.047 0.097
135.070 0.076
135.094 0.075
135.117 0.079
135.140 0.073
135.163 0.073
135.187 0.073
135.210 0.072
135.233 0.068
135.256 0.067
135.279 0.073
135.303 0.158
135.326 0.187
135.349 0.160
135.372 0.133
135.396 0.120
135.419 0.114
135.442 0.133
135.465 0.172
135.488 0.165
135.512 0.152
135.535 0.167
135.558 0.167
135.581 0.167
135.605 0.168
135.628 0.145
135.651 0.119
135.674 0.121
135.697 0.113
135.721 0.110
135.744 0.106
135.767 0.134
135.790 0.126
135.814 0.111
135.837 0.109
135.860 0.098
135.883 0.097
135.906 0.107
135.930 0.114
135.953 0.107
135.976 0.108
135.999 0.107
136.022 0.106
136.046 0.112
136.069 0.138
136.092 0.147
136.115 0.141
136.139 0.127
136.162 0.125
136.185 0.122
136.208 0.127
136.231 0.116
136.255 0.095
136.278 0.089
136.301 0.081
136.324 0.075
136.348 0.073
136.371 0.072
136.394 0.067
136.417 0.064
136.440 0.060
136.464 0.055
136.487 0.056
136.510 0.099
136.533 0.109
136.557 0.090
136.580 0.080
136.603 0.069
136.626 0.066
136.649 0.108
136.673 0.141
136.696 0.126
136.719 0.110
136.742 0.103
136.766 0.099
136.789 0.119
136.812 0.140
136.835 0.124
136.858 0.093
136.882 0.077
136.905 0.072
136.928 0.070
136.951 0.083
136.975 0.093
136.998 0.080
137.021 0.070
137.044 0.071
137.067 0.073
137.091 0.065
137.114 0.088
137.137 0.092
137.160 0.080
137.183 0.073
137.207 0.067
137.230 0.067
137.253 0.112
137.276 0.145
137.300 0.131
137.323 0.106
137.346 0.104
137.369 0.099
137.392 0.108
137.416 0.139
137.439 0.131
137.462 0.117
137.485 0.113
137.509 0.111
137.532 0.110
137.555 0.119
137.578 0.119
137.601 0.114
137.625 0.116
137.648 0.110
137.671 0.104
137.694 0.165
137.718 0.230
137.741 0.241
137.764 0.215
137.787 0.190
137.810 0.173
137.834 0.161
137.857 0.189
137.880 0.201
137.903 0.174
137.927 0.152
137.950 0.142
137.973 0.127
137.996 0.316
138.019 0.318
138.043 0.134
138.066 0.051
138.089 0.061
138.112 0.058
138.136 0.038
138.159 0.072
138.182 0.093
138.205 0.093
138.228 0.115
138.252 0.101
138.275 0.091
138.298 0.099
138.321 0.121
138.344 0.119
138.368 0.132
138.391 0.119
138.414 0.103
138.437 0.105
138.461 0.096
138.484 0.096
138.507 0.110
138.530 0.126
138.553 0.149
138.577 0.121
138.600 0.101
138.623 0.126
138.646 0.123
138.670 0.099
138.693 0.123
138.716 0.128
138.739 0.121
138.762 0.156
138.786 0.182
138.809 0.170
138.832 0.160
138.855 0.135
138.879 0.120
138.902 0.130
138.925 0.110
138.948 0.094
138.971 0.088
138.995 0.087
139.018 0.086
139.041 0.088
139.064 0.099
139.088 0.113
139.111 0.109
139.134 0.126
139.157 0.118
139.180 0.116
139.204 0.114
139.227 0.105
139.250 0.106
139.273 0.108
139.297 0.102
139.320 0.110
139.343 0.104
139.366 0.100
139.389 0.096
139.413 0.110
139.436 0.127
139.459 0.135
139.482 0.128
139.505 0.123
139.529 0.117
139.552 0.110
139.575 0.114
139.598 0.109
139.622 0.116
139.645 0.118
139.668 0.106
139.691 0.118
139.714 0.125
139.738 0.120
139.761 0.135
139.784 0.141
139.807 0.128
139.831 0.131
139.854 0.148
139.877 0.157
139.900 0.140
139.923 0.138
139.947 0.135
139.970 0.123
139.993 0.111
140.016 0.115
140.040 0.111
140.063 0.095
140.086 0.105
140.109 0.123
140.132 0.131
140.156 0.137
140.179 0.134
140.202 0.142
140.225 0.142
140.249 0.123
140.272 0.099
140.295 0.106
140.318 0.129
140.341 0.147
140.365 0.142
140.388 0.128
140.411 0.117
140.434 0.114
140.458 0.124
140.481 0.133
140.504 0.138
140.527 0.123
140.550 0.101
140.574 0.102
140.597 0.112
140.620 0.121
140.643 0.119
140.666 0.121
140.690 0.131
140.713 0.125
140.736 0.131
140.759 0.129
140.783 0.137
140.806 0.138
140.829 0.116
140.852 0.118
140.875 0.127
140.899 0.134
140.922 0.136
140.945 0.150
140.968 0.156
140.992 0.148
141.015 0.142
141.038 0.148
141.061 0.144
141.084 0.147
141.108 0.141
141.131 0.124
141.154 0.133
141.177 0.142
141.201 0.132
141.224 0.128
141.247 0.126
141.270 0.119
141.293 0.128
141.317 0.136
141.340 0.133
141.363 0.127
141.386 0.131
141.410 0.142
141.433 0.147
141.456 0.126
141.479 0.127
141.502 0.131
141.526 0.110
141.549 0.114
141.572 0.133
141.595 0.135
141.619 0.142
141.642 0.136
141.665 0.128
141.688 0.142
141.711 0.132
141.735 0.129
141.758 0.133
141.781 0.141
141.804 0.122
141.827 0.130
141.851 0.129
141.874 0.123
141.897 0.132
141.920 0.142
141.944 0.149
141.967 0.144
141.990 0.146
142.013 0.148
142.036 0.163
142.060 0.157
142.083 0.147
142.106 0.146
142.129 0.133
142.153 0.131
142.176 0.136
142.199 0.150
142.222 0.147
142.245 0.147
142.269 0.141
142.292 0.139
142.315 0.139
142.338 0.150
142.362 0.146
142.385 0.143
142.408 0.144
142.431 0.158
142.454 0.184
142.478 0.163
142.501 0.145
142.524 0.150
142.547 0.156
142.571 0.150
142.594 0.164
142.617 0.166
142.640 0.151
142.663 0.140
142.687 0.141
142.710 0.136
142.733 0.148
142.756 0.176
142.780 0.167
142.803 0.136
142.826 0.102
142.849 0.098
142.872 0.094
142.896 0.106
142.919 0.121
142.942 0.131
142.965 0.121
142.988 0.107
143.012 0.111
143.035 0.120
143.058 0.127
143.081 0.122
143.105 0.113
143.128 0.103
143.151 0.107
143.174 0.118
143.197 0.113
143.221 0.126
143.244 0.116
143.267 0.116
143.290 0.124
143.314 0.126
143.337 0.114
143.360 0.114
143.383 0.119
143.406 0.116
143.430 0.120
143.453 0.126
143.476 0.132
143.499 0.146
143.523 0.150
143.546 0.148
143.569 0.120
143.592 0.111
143.615 0.109
143.639 0.123
143.662 0.134
143.685 0.129
143.708 0.113
143.732 0.106
143.755 0.113
143.778 0.127
143.801 0.146
143.824 0.149
143.848 0.134
143.871 0.119
143.894 0.126
143.917 0.160
143.940 0.152
143.964 0.127
143.987 0.132
144.010 0.147
144.033 0.132
144.057 0.127
144.080 0.133
144.103 0.127
144.126 0.137
144.149 0.155
144.173 0.140
144.196 0.133
144.219 0.129
144.242 0.117
144.266 0.135
144.289 0.159
144.312 0.161
144.335 0.157
144.358 0.158
144.382 0.157
144.405 0.153
144.428 0.147
144.451 0.162
144.475 0.141
144.498 0.133
144.521 0.131
144.544 0.153
144.567 0.180
144.591 0.162
144.614 0.159
144.637 0.147
144.660 0.139
144.684 0.150
144.707 0.155
144.730 0.138
144.753 0.148
144.776 0.168
144.800 0.186
144.823 0.172
144.846 0.147
144.869 0.158
144.893 0.170
144.916 0.176
144.939 0.169
144.962 0.169
144.985 0.165
145.009 0.181
145.032 0.193
145.055 0.195
145.078 0.204
145.101 0.200
145.125 0.192
145.148 0.196
145.171 0.195
145.194 0.205
145.218 0.204
145.241 0.206
145.264 0.187
145.287 0.195
145.310 0.221
145.334 0.228
145.357 0.217
145.380 0.192
145.403 0.185
145.427 0.189
145.450 0.212
145.473 0.210
145.496 0.207
145.519 0.207
145.543 0.199
145.566 0.224
145.589 0.250
145.612 0.242
145.636 0.236
145.659 0.220
145.682 0.223
145.705 0.255
145.728 0.263
145.752 0.282
145.775 0.255
145.798 0.245
145.821 0.242
145.845 0.238
145.868 0.263
145.891 0.253
145.914 0.236
145.937 0.239
145.961 0.218
145.984 0.187
146.007 0.204
146.030 0.222
146.054 0.228
146.077 0.233
146.100 0.227
146.123 0.229
146.146 0.234
146.170 0.229
146.193 0.225
146.216 0.230
146.239 0.258
146.262 0.249
146.286 0.243
146.309 0.260
146.332 0.264
146.355 0.241
146.379 0.230
146.402 0.224
146.425 0.229
146.448 0.244
146.471 0.236
146.495 0.226
146.518 0.225
146.541 0.243
146.564 0.241
146.588 0.221
146.611 0.226
146.634 0.223
146.657 0.212
146.680 0.208
146.704 0.204
146.727 0.201
146.750 0.191
146.773 0.202
146.797 0.226
146.820 0.214
146.843 0.198
146.866 0.211
146.889 0.223
146.913 0.233
146.936 0.231
146.959 0.229
146.982 0.248
147.006 0.241
147.029 0.212
147.052 0.201
147.075 0.217
147.098 0.224
147.122 0.239
147.145 0.253
147.168 0.252
147.191 0.247
147.215 0.241
147.238 0.238
147.261 0.227
147.284 0.246
147.307 0.252
147.331 0.220
147.354 0.217
147.377 0.238
147.400 0.268
147.423 0.292
147.447 0.282
147.470 0.249
147.493 0.255
147.516 0.270
147.540 0.273
147.563 0.266
147.586 0.269
147.609 0.284
147.632 0.358
