0.135
0.440
0.533
0.629
0.701
0.838
0.344
0.249
0.125
0.563
0.247
0.181
0.136
0.655
0.163
0.243
0.119
0.803
0.248
0.256
0.144
0.725
0.174
0.297
0.220
0.627
0.086
0.323
0.281
0.548
0.319
0.328
0.299
0.481
0.409
0.360
0.338
0.668
0.470
0.644
0.262
0.655
0.502
0.513
0.356
0.609
0.564
0.611
0.287
0.654
0.483
0.571
0.299
0.640
0.403
0.613
0.344
0.631
0.515
0.616
0.290
0.618
0.409
0.597
0.366
0.590
0.487
0.472
0.235
0.647
0.367
0.585
0.169
0.575
0.439
0.551
0.342
0.648
0.393
0.572
0.186
0.622
0.553
0.566
0.299
0.648
0.245
0.633
0.283
0.615
0.498
0.562
0.202
0.659
0.253
0.617
0.118
0.646
0.558
0.357
0.300
0.685
0.447
0.598
0.241
0.631
0.543
0.555
0.314
0.638
0.531
0.633
0.407
0.671
0.603
0.596
0.349
0.621
0.161
0.665
0.318
0.647
0.510
0.595
0.330
0.586
0.556
0.595
0.393
0.634
0.696
0.423
0.374
0.665
0.379
0.611
0.411
0.702
0.605
0.571
0.316
0.619
0.537
0.609
0.355
0.631
0.550
0.604
0.361
0.641
0.370
0.551
0.374
0.621
0.562
0.631
0.265
0.603
0.471
0.522
0.350
0.297
0.433
0.477
0.460
0.640
0.508
0.587
0.288
0.670
0.505
0.534
0.358
0.627
0.665
0.602
0.279
0.634
0.504
0.612
0.281
0.620
0.411
0.642
0.336
0.638
0.586
0.591
0.297
0.627
0.476
0.611
0.401
0.643
0.517
0.465
0.488
0.665
0.482
0.596
0.192
0.655
0.495
0.526
0.349
0.631
0.609
0.593
0.280
0.653
0.476
0.637
0.269
0.620
0.370
0.587
0.323
0.631
0.535
0.620
0.274
0.573
0.399
0.494
0.377
0.597
0.531
0.456
0.517
0.733
0.263
0.430
0.222
0.685
0.584
0.337
0.376
0.665
0.248
0.357
0.310
0.670
0.449
0.451
0.330
0.656
0.338
0.444
0.373
0.613
0.296
0.501
0.311
0.605
0.517
0.377
0.435
0.498
0.427
0.373
0.680
0.610
0.343
0.550
0.276
0.631
0.772
0.574
0.249
0.530
0.466
0.588
0.306
0.656
0.428
0.590
0.376
0.628
0.462
0.621
0.393
0.655
0.603
0.620
0.247
0.653
0.435
0.589
0.522
0.284
0.481
0.333
0.394
0.657
0.400
0.602
0.362
0.622
0.600
0.589
0.316
0.615
0.639
0.620
0.360
0.646
0.513
0.607
0.352
0.640
0.459
0.566
0.380
0.643
0.487
0.633
0.307
0.627
0.498
0.551
0.443
0.326
0.473
0.470
0.443
0.638
0.508
0.597
0.201
0.641
0.490
0.559
0.356
0.625
0.519
0.594
0.213
0.649
0.396
0.564
0.262
0.612
0.380
0.610
0.318
0.666
0.505
0.646
0.302
0.673
0.488
0.608
0.380
0.613
0.490
0.412
0.451
0.625
0.476
0.612
0.212
0.648
0.489
0.567
0.338
0.602
0.515
0.586
0.224
0.668
0.461
0.537
0.419
0.458
0.419
0.585
0.333
0.442
0.439
0.605
0.305
0.586
0.425
0.509
0.369
0.615
0.509
0.467
0.208
0.188
0.175
0.245
0.179
0.220
0.215
0.140
0.068
0.184
0.237
0.249
0.429
0.348
0.264
0.339
0.176
0.255
0.203
0.205
0.281
0.276
0.203
0.273
0.236
0.304
0.200
0.233
0.189
0.309
0.176
0.287
