0.396
0.381
0.505
0.590
0.586
0.508
0.429
0.226
0.793
0.362
0.388
0.284
0.413
0.427
0.491
0.676
0.886
0.308
0.204
0.666
0.607
0.388
0.550
0.091
0.842
1.000
0.740
0.854
0.846
0.750
0.758
0.821
0.713
0.448
0.645
0.569
0.555
0.486
0.278
0.588
0.716
0.377
0.321
0.285
0.766
0.605
0.570
0.426
0.590
0.322
0.586
0.535
0.699
0.751
0.578
0.399
0.581
0.680
0.756
0.578
0.560
0.633
0.504
0.671
0.661
0.619
0.406
0.547
0.678
0.477
0.373
0.606
0.541
0.208
0.124
0.627
0.661
0.427
0.541
0.402
0.398
0.138
0.581
0.512
0.574
0.040
0.431
0.583
0.160
0.549
0.576
0.697
0.133
0.595
0.572
0.549
0.616
0.636
0.502
0.425
0.793
0.360
0.237
0.647
0.000
0.777
0.571
0.539
0.364
0.131
0.287
0.595
0.556
0.524
0.584
0.579
0.678
0.593
0.502
0.836
0.629
0.422
0.378
0.448
0.660
0.775
0.616
0.205
0.576
0.471
0.623
0.561
0.686
0.584
0.569
0.498
0.485
0.536
0.354
0.564
0.206
0.476
0.716
0.528
0.702
0.496
0.520
0.722
0.478
0.574
0.666
0.663
0.561
0.598
0.588
0.558
0.550
0.253
0.307
0.658
0.392
0.492
0.504
0.400
0.402
0.448
0.588
0.817
0.207
0.326
0.478
0.822
0.659
0.572
0.571
0.554
0.262
0.428
0.611
0.628
0.665
0.608
0.634
0.616
0.251
0.508
0.528
0.370
0.485
0.532
0.319
0.639
0.289
0.509
0.329
0.430
0.632
0.512
0.446
0.812
0.521
0.435
0.557
0.324
0.616
0.521
0.539
0.710
0.612
0.671
0.632
0.365
0.403
0.305
0.675
0.518
0.342
0.347
0.336
0.143
0.579
0.384
0.506
0.482
0.359
0.204
0.432
0.484
0.547
0.174
0.530
0.565
0.119
0.669
0.492
0.348
0.498
0.522
0.545
0.638
0.637
0.336
0.390
0.406
0.648
0.802
0.489
0.632
0.550
0.361
0.376
0.841
0.481
0.397
0.275
0.567
0.568
0.797
0.144
0.363
0.704
0.473
0.422
0.855
0.642
0.697
0.363
0.455
0.629
0.604
0.541
0.496
0.554
0.644
0.610
0.473
0.544
0.410
0.516
0.646
0.526
0.771
0.602
0.481
0.469
0.552
0.563
0.528
0.401
0.485
0.336
0.449
0.672
0.659
0.384
0.597
0.291
0.464
0.582
0.661
0.711
0.389
0.317
0.643
0.571
0.540
0.609
0.394
0.332
0.290
0.636
0.506
0.588
0.616
0.559
0.385
0.654
0.677
0.473
0.703
0.453
0.401
0.637
0.734
0.599
0.372
0.439
0.510
0.672
0.566
0.329
0.579
0.629
0.647
0.627
0.514
0.442
0.348
0.340
0.448
0.698
0.526
0.602
0.760
0.555
0.564
0.595
0.630
0.734
0.630
0.614
0.713
0.657
0.756
0.763
0.483
0.388
0.374
0.536
0.280
0.602
0.189
0.509
0.246
0.181
0.293
0.485
0.711
0.392
0.591
0.551
0.368
0.117
0.578
0.588
0.129
0.768
0.727
0.392
0.297
0.592
0.408
0.542
0.504
0.591
0.391
0.543
0.392
0.262
