0.023
0.488
0.975
1.463
1.950
2.438
2.879
3.344
3.831
4.296
4.737
5.201
5.642
6.107
6.571
7.012
7.500
7.964
8.452
8.893
9.381
9.845
10.286
10.728
11.169
11.633
12.121
12.585
13.050
13.514
13.978
14.443
14.907
15.372
15.836
16.300
16.765
17.206
17.670
18.135
18.599
19.064
19.528
19.992
20.457
20.898
21.362
21.827
22.291
22.756
23.220
23.684
24.149
24.613
25.054
25.519
25.983
26.448
26.912
27.376
27.841
28.305
28.770
29.211
29.675
30.140
30.604
31.068
31.533
31.974
32.438
32.903
33.367
33.831
34.319
34.737
35.225
35.666
36.130
36.595
37.059
37.523
37.988
38.452
38.917
39.358
39.822
40.287
40.751
41.215
41.703
42.144
42.609
43.050
43.514
43.979
44.443
44.884
45.372
45.836
46.301
46.742
47.206
47.671
48.135
48.599
49.064
49.528
49.993
50.434
50.898
51.363
51.850
52.291
52.756
53.220
53.685
54.149
54.613
55.055
55.519
55.983
56.448
56.912
57.377
57.841
58.305
58.746
59.211
59.675
60.140
60.604
61.068
61.533
61.997
62.438
62.903
63.367
63.832
64.296
64.760
65.202
65.689
66.130
66.595
67.059
67.524
67.988
68.429
68.917
69.381
69.846
70.310
70.751
71.216
71.680
72.144
72.609
73.073
73.538
74.025
74.490
74.954
75.395
75.836
76.301
76.765
77.230
77.671
78.135
78.600
79.064
79.528
79.970
80.434
80.898
81.363
81.827
82.292
82.756
83.220
83.685
84.126
84.590
85.055
85.519
85.983
86.448
86.912
87.377
87.841
88.282
88.747
89.211
89.675
90.140
90.604
91.069
91.533
91.997
92.462
92.903
93.367
93.832
94.296
94.737
95.202
95.666
96.131
96.595
97.083
97.524
97.988
98.453
98.917
99.358
99.823
100.287
100.751
101.216
101.680
102.145
102.609
103.073
103.538
103.979
104.443
104.908
105.372
105.813
106.301
106.789
107.230
107.694
108.159
108.623
109.064
109.505
109.970
110.434
110.922
111.363
111.827
112.292
112.756
113.220
113.685
114.126
114.637
115.055
115.496
115.960
116.402
116.866
117.330
117.795
118.259
118.677
119.165
119.652
120.140
120.604
121.069
121.533
121.974
122.439
122.903
123.368
123.832
124.296
124.761
125.202
125.666
126.131
126.595
127.060
127.524
127.988
128.453
128.917
129.358
129.823
130.310
130.752
131.216
131.680
132.145
132.609
133.166
133.584
134.026
134.467
134.908
135.372
135.837
136.301
136.766
137.230
137.694
138.136
138.600
139.041
139.505
139.970
140.458
140.899
141.386
141.827
142.269
142.756
143.221
143.685
144.149
144.591
145.078
145.519
145.984
146.448
146.913
147.377
147.841
148.306
148.793
149.235
149.676
150.140
150.605
151.069
151.533
151.975
152.439
152.903
153.368
153.832
154.297
154.761
155.225
155.667
156.154
156.595
157.060
157.524
157.989
158.453
158.917
159.359
159.846
160.287
160.752
161.216
161.681
162.122
162.586
163.051
163.538
164.003
164.467
164.908
165.373
165.837
166.301
166.742
167.230
167.671
168.136
168.600
169.064
169.529
169.993
170.434
170.922
171.386
171.851
172.315
172.756
173.221
173.685
174.126
174.591
175.055
175.520
175.984
176.448
176.913
177.354
177.818
178.283
178.747
179.188
179.606
180.024
180.442
180.907
181.371
181.835
182.277
182.741
183.229
183.693
184.134
184.552
185.017
185.481
185.945
186.456
186.967
187.455
187.966
188.476
188.964
189.452
189.962
190.450
190.938
191.425
191.936
192.424
192.911
193.399
193.910
