0.000
0.715
0.526
0.694
1.000
0.086
0.519
0.705
0.758
0.937
0.260
0.766
0.178
0.656
0.287
0.821
0.115
0.591
0.637
0.716
0.423
0.501
0.726
0.380
0.817
0.508
0.691
0.631
0.610
0.822
0.788
0.552
0.573
0.790
0.583
0.963
0.524
0.836
0.379
0.669
0.892
0.920
0.293
0.479
0.704
0.538
0.819
0.332
0.775
0.330
0.731
0.786
0.956
0.415
0.666
0.723
0.791
0.772
0.375
0.916
0.523
0.699
0.520
0.977
0.635
0.528
0.776
0.848
0.522
0.260
0.839
0.352
0.719
0.452
0.755
0.758
0.574
0.768
0.889
0.194
0.469
0.950
0.555
0.872
0.319
0.751
0.739
0.614
0.817
0.944
0.233
0.242
0.642
0.691
0.928
0.134
0.916
0.255
0.649
0.886
0.956
0.484
0.540
0.723
0.750
0.777
0.338
0.801
0.391
0.775
0.585
0.966
0.469
0.693
0.759
0.850
0.600
0.401
0.943
0.537
0.889
0.494
0.780
0.751
0.609
0.820
0.905
0.262
0.395
0.843
0.609
0.754
0.009
0.813
0.410
0.634
0.796
0.923
0.268
0.584
0.730
0.641
0.881
0.379
0.754
0.524
0.640
0.768
0.373
0.449
0.529
0.381
0.784
0.868
0.206
0.924
0.415
0.586
0.552
0.932
0.625
0.561
0.785
0.830
0.431
0.400
0.809
0.588
0.823
0.608
0.784
0.740
0.701
0.782
0.896
0.199
0.281
0.913
0.600
0.972
0.387
0.888
0.387
0.714
0.872
0.925
0.327
0.333
0.789
0.537
0.829
0.140
0.887
0.343
0.637
0.823
0.934
0.431
0.599
0.725
0.728
0.816
0.378
0.784
0.603
0.773
0.545
0.901
0.578
0.517
0.700
0.778
0.497
0.489
0.907
0.408
0.875
0.188
0.655
0.677
0.655
0.824
0.688
0.376
0.609
0.669
0.580
0.851
0.192
0.458
0.467
0.732
0.815
0.917
0.247
0.000
0.000
0.000
0.280
0.579
0.272
0.300
0.674
0.866
0.973
0.393
0.366
0.799
0.761
0.857
0.316
0.919
0.324
0.667
0.254
0.971
0.659
0.661
0.728
0.853
0.627
0.506
0.814
0.480
0.855
0.246
0.681
0.636
0.277
0.197
0.885
0.292
0.352
0.979
0.489
0.962
0.134
0.708
0.531
0.597
0.842
0.934
0.226
0.497
0.583
0.678
0.784
0.440
0.886
0.461
0.736
0.813
0.973
0.422
0.425
0.653
0.256
0.242
0.498
0.750
0.275
0.794
0.511
0.978
0.615
0.380
0.716
0.829
0.628
0.412
0.950
0.389
0.725
0.234
0.650
0.755
0.709
0.796
0.894
0.210
0.462
0.756
0.482
0.958
0.274
0.863
0.619
0.651
0.810
0.916
0.332
0.425
0.701
0.427
0.944
0.236
0.706
0.171
0.652
0.811
0.987
0.346
0.560
0.581
0.297
0.254
0.315
0.921
0.462
0.508
0.623
0.911
0.560
0.559
0.716
0.864
0.651
0.532
0.939
0.455
0.119
0.000
0.520
0.767
0.684
0.681
0.628
0.993
0.992
0.775
0.843
0.820
0.634
0.771
0.772
0.764
0.744
0.751
0.763
0.739
0.564
0.762
0.771
0.767
0.832
0.756
0.765
0.672
0.600
