0.000
0.511
0.998
1.509
1.997
2.508
2.995
3.506
3.994
4.505
4.992
5.503
5.991
6.502
6.989
7.500
8.011
8.499
9.009
9.497
10.008
10.495
11.006
11.494
12.005
12.492
13.003
13.491
14.002
14.489
15.000
15.511
15.999
16.509
16.997
17.508
17.995
18.506
18.994
19.505
19.992
20.503
20.991
21.502
21.989
22.500
23.011
23.499
24.009
24.497
25.008
25.496
26.006
26.494
27.005
27.492
28.003
28.491
29.002
29.489
30.000
30.511
30.999
31.509
31.997
32.508
32.996
33.506
33.994
34.505
34.992
35.503
35.991
36.502
36.989
37.500
38.011
38.499
39.010
39.497
40.008
40.496
41.006
41.494
42.005
42.493
43.003
43.491
44.002
44.489
45.000
45.511
45.999
46.510
46.997
47.508
47.996
48.506
48.994
49.505
49.993
50.503
50.991
51.502
51.989
52.500
53.011
53.499
54.010
54.497
55.008
55.496
56.007
56.494
57.005
57.493
58.003
58.491
59.002
59.490
60.000
60.511
60.999
61.510
61.997
62.508
62.996
63.507
63.994
64.505
64.993
65.503
65.991
66.502
66.990
67.500
68.011
68.499
69.010
69.497
70.008
70.496
71.007
71.494
72.005
72.493
73.004
73.491
74.002
74.490
75.000
75.511
75.999
76.510
76.997
77.508
77.996
78.507
78.994
79.505
79.993
80.504
80.991
81.502
81.990
82.500
83.011
83.499
84.010
84.497
85.008
85.496
86.007
86.494
87.005
87.493
88.004
88.491
89.002
89.490
90.001
90.511
90.999
91.510
91.997
92.508
92.996
93.507
93.994
94.505
94.993
95.504
95.991
96.502
96.990
97.501
98.011
98.499
99.010
99.498
100.008
100.496
101.007
101.494
102.005
102.493
103.004
103.491
104.002
104.490
105.001
105.511
105.999
106.510
106.998
107.508
107.996
108.507
108.994
109.505
109.993
110.504
110.991
111.502
111.990
112.501
113.012
113.499
114.010
114.498
115.008
115.496
116.007
116.495
117.005
117.493
118.004
118.491
119.002
119.490
120.001
120.512
120.999
121.510
121.998
122.508
122.996
123.507
123.995
124.505
124.993
125.504
125.991
126.502
126.990
127.501
127.988
128.499
129.010
129.498
130.009
130.496
131.007
131.495
132.005
132.493
133.004
133.492
134.002
134.490
135.001
135.488
135.999
136.510
136.998
137.509
137.996
138.507
138.995
139.505
139.993
140.504
140.992
141.502
141.990
142.501
142.988
143.499
144.010
144.498
145.009
145.496
146.007
146.495
147.006
147.493
148.004
148.492
149.002
149.490
150.001
150.489
150.999
151.510
151.998
152.509
152.996
153.507
153.995
154.506
154.993
155.504
155.992
156.502
156.990
157.501
157.989
158.499
159.010
159.498
160.009
160.496
161.007
161.495
162.006
162.493
163.004
163.492
164.003
164.490
165.001
165.489
165.999
166.510
166.998
167.509
167.996
168.507
168.995
169.506
169.993
170.504
170.992
171.503
171.990
172.501
172.989
173.500
174.010
174.498
175.009
175.496
176.007
176.495
177.006
177.493
178.004
178.492
179.003
179.490
180.001
180.489
181.000
181.510
181.998
182.509
182.996
183.507
183.995
184.506
184.993
185.504
185.992
186.503
186.990
187.501
187.989
188.500
189.010
189.498
190.009
190.497
191.007
191.495
192.006
192.493
193.004
193.492
194.003
194.490
195.001
195.489
196.000
196.510
196.998
197.509
197.997
198.507
198.995
199.506
199.993
200.504
200.992
201.503
201.990
202.501
202.989
203.500
204.011
204.498
205.009
205.497
206.007
206.495
207.006
207.494
208.004
208.492
209.003
209.490
210.001
210.489
211.000
211.511
211.998
212.509
212.997
213.507
213.995
214.506
214.994
215.504
215.992
216.503
216.990
217.501
217.989
218.500
219.011
219.498
220.009
220.497
221.008
221.495
222.006
222.494
223.004
223.492
224.003
224.491
225.001
225.489
226.000
226.511
226.998
227.509
227.997
228.508
228.995
229.506
229.994
230.504
230.992
231.503
231.991
232.501
232.989
233.500
234.011
234.498
235.009
235.497
236.008
236.495
237.006
237.494
238.005
238.492
239.003
239.491
240.001
240.489
241.000
241.511
241.998
242.509
242.997
243.508
243.995
244.506
244.994
245.505
245.992
246.503
246.991
247.501
247.989
248.500
249.011
249.498
250.009
250.497
251.008
251.495
252.006
252.494
253.005
253.492
254.003
254.491
255.002
255.489
256.000
256.511
256.998
257.509
257.997
258.508
258.995
259.506
259.994
260.505
260.992
261.503
261.991
262.502
262.989
263.500
264.011
264.499
265.009
265.497
266.008
266.495
267.006
267.494
268.005
268.492
269.003
269.491
270.002
270.489
271.000
271.511
271.999
272.509
272.997
273.508
273.995
274.506
274.994
275.505
275.992
276.503
276.991
277.502
277.989
278.500
279.011
279.499
280.009
280.497
281.008
281.496
282.006
282.494
283.005
283.492
284.003
284.491
285.002
285.489
286.000
286.511
286.999
287.509
287.997
288.508
288.996
289.506
289.994
290.505
290.992
291.503
291.991
292.502
292.989
293.500
294.011
294.499
295.010
295.497
296.008
296.496
297.006
297.494
298.005
298.493
299.003
299.491
300.002
300.489
301.000
301.511
301.999
302.510
302.997
303.508
303.996
304.506
304.994
305.505
305.993
306.503
306.991
307.502
307.989
308.500
309.011
309.499
310.010
310.497
311.008
311.496
312.007
312.494
313.005
313.493
314.003
314.491
315.002
315.490
316.000
316.511
316.999
317.510
317.997
318.508
318.996
319.507
319.994
320.505
320.993
321.503
321.991
322.502
322.990
323.500
324.011
324.499
325.010
325.497
326.008
326.496
327.007
327.494
328.005
328.493
329.004
329.491
330.002
330.490
331.000
331.511
331.999
332.510
332.997
333.508
333.996
334.507
334.994
335.505
335.993
336.504
336.991
337.502
337.990
338.500
339.011
339.499
340.010
340.497
341.008
341.496
342.007
342.494
343.005
343.493
344.004
344.491
345.002
345.490
346.001
346.511
346.999
347.510
347.997
348.508
348.996
349.507
349.994
350.505
350.993
351.504
351.991
352.502
352.990
353.501
354.011
354.499
355.010
355.498
356.008
356.496
357.007
357.494
358.005
358.493
359.004
359.491
360.002
360.490
361.001
361.511
361.999
362.510
362.998
363.508
363.996
364.507
364.994
365.505
365.993
366.504
366.991
367.502
367.990
368.501
369.012
369.499
370.010
370.498
371.008
371.496
372.007
372.495
373.005
