0.186
0.789
1.393
1.997
2.601
3.181
3.785
4.389
4.992
5.596
6.200
6.780
7.384
7.988
8.591
9.195
9.799
10.379
10.983
11.587
12.190
12.794
13.398
13.978
14.582
15.186
15.790
16.393
16.997
17.601
18.204
18.785
19.389
19.992
20.596
21.200
21.804
22.407
22.988
23.591
24.195
24.799
25.403
25.983
26.587
27.191
27.794
28.398
29.002
29.582
30.186
30.790
31.393
31.997
32.601
33.181
33.785
34.389
34.992
35.596
36.200
36.780
37.384
37.988
38.592
39.195
39.799
40.403
41.006
41.587
42.191
42.794
43.398
44.002
44.606
45.186
45.790
46.393
46.997
47.601
48.205
48.785
49.389
49.993
50.596
51.200
51.804
52.384
52.988
53.592
54.195
54.799
55.403
55.983
56.587
57.191
57.794
58.398
59.002
59.606
60.209
60.790
61.394
61.997
62.601
63.181
63.785
64.389
64.993
65.596
66.200
66.781
67.384
67.988
68.592
69.195
69.799
70.380
70.983
71.587
72.191
72.795
73.398
74.002
74.606
75.186
75.790
76.394
76.997
77.601
78.205
78.809
79.412
79.993
80.596
81.200
81.804
82.384
82.988
83.592
84.196
84.799
85.403
85.983
86.587
87.191
87.795
88.398
89.002
89.583
90.186
90.790
91.394
91.997
92.601
93.182
93.785
94.389
94.993
95.597
96.200
96.781
97.408
98.011
98.615
99.196
99.799
100.403
100.984
101.587
102.191
102.795
103.398
103.979
104.583
105.186
105.790
106.394
106.998
107.601
108.205
108.785
109.389
109.993
110.597
111.200
111.804
112.385
112.988
113.592
114.196
114.799
115.403
115.984
116.587
117.191
117.818
118.399
119.002
119.583
120.186
120.790
121.394
121.998
122.601
123.182
123.786
124.389
124.993
125.597
126.200
126.781
127.408
127.988
128.592
129.196
129.800
130.380
130.984
131.587
132.191
132.795
133.399
133.979
134.583
135.187
135.790
136.394
136.998
137.601
138.205
138.786
139.389
139.993
140.597
141.201
141.804
142.385
142.988
143.592
144.196
144.800
145.403
145.984
146.611
147.191
147.795
148.399
149.002
149.583
150.187
150.790
151.394
151.998
152.602
153.182
153.786
154.389
154.993
155.597
156.201
156.804
157.408
157.989
158.592
159.196
159.800
160.380
160.984
161.588
162.191
162.795
163.399
163.979
164.583
165.187
165.790
166.394
166.998
167.578
168.182
168.786
169.390
169.993
170.597
171.201
171.804
172.385
172.989
173.592
174.196
174.800
175.404
176.007
176.588
177.191
177.795
178.399
179.003
179.583
180.187
180.791
181.394
181.998
182.602
183.182
183.786
184.390
184.993
185.597
186.201
186.781
187.385
187.989
188.592
189.196
189.800
190.380
190.984
191.588
192.192
192.795
193.399
194.003
194.606
195.187
195.791
196.394
196.998
197.602
198.206
198.786
199.390
199.993
200.597
201.201
201.805
202.385
202.989
203.593
204.196
204.800
205.404
205.984
206.588
207.192
207.795
208.399
209.003
209.583
210.187
210.791
211.394
211.998
212.602
213.206
213.809
214.390
214.994
215.597
216.201
216.781
217.385
217.989
218.593
219.196
219.800
220.381
220.984
221.588
222.192
222.795
223.399
223.980
224.583
225.187
225.791
226.395
226.998
227.602
228.206
228.786
229.390
229.994
230.597
231.201
231.805
232.409
233.012
233.593
234.196
234.800
235.404
235.984
236.588
237.192
237.796
238.399
239.003
239.583
240.187
240.791
241.395
241.998
242.602
243.183
243.786
244.390
244.994
245.597
246.201
246.782
247.385
247.989
248.593
249.197
249.800
250.381
251.008
251.611
252.215
252.796
253.399
254.003
254.584
255.187
255.791
256.395
256.998
257.579
258.183
258.786
259.390
259.994
260.598
261.201
261.805
262.385
262.989
263.593
264.197
264.800
265.404
265.985
266.588
267.192
267.796
268.399
269.003
269.584
270.187
270.791
271.418
271.999
272.602
273.183
273.786
274.390
274.994
275.598
276.201
276.782
277.386
277.989
278.593
279.197
279.800
280.381
281.008
281.588
282.192
282.796
283.400
283.980
284.584
285.187
285.791
286.395
286.999
287.579
288.183
288.787
289.390
289.994
290.598
291.201
291.805
292.386
292.989
293.593
294.197
294.801
295.404
295.985
296.588
297.192
297.796
298.400
299.003
299.584
300.211
300.791
301.395
301.999
302.602
303.183
303.787
304.390
304.994
305.598
306.202
306.782
307.386
307.989
308.593
309.197
309.801
310.404
311.008
311.589
312.192
312.796
313.400
313.980
314.584
315.188
315.791
316.395
316.999
317.579
318.183
318.787
319.390
319.994
320.598
321.178
321.782
322.386
322.990
323.593
324.197
324.801
325.404
325.985
326.589
327.192
327.796
328.400
329.004
329.607
330.188
330.791
331.395
331.999
332.603
333.183
333.787
334.391
334.994
335.598
336.202
336.782
337.386
337.990
338.593
339.197
339.801
340.381
340.985
341.589
342.192
342.796
343.400
343.980
344.584
345.188
345.792
346.395
346.999
347.603
348.206
348.787
349.391
349.994
350.598
351.202
351.806
352.386
352.990
353.593
354.197
354.801
355.405
355.985
356.589
357.193
357.796
358.400
359.004
359.584
360.188
360.792
361.395
361.999
362.603
363.183
363.787
364.391
364.994
365.598
366.202
