0.163
0.789
1.393
11.401
11.819
21.014
21.780
23.708
27.005
28.212
29.420
30.627
34.203
35.527
37.825
41.006
43.816
47.531
54.660
54.706
57.005
57.191
59.211
59.397
66.618
67.825
71.285
82.222
83.174
87.005
88.213
89.420
94.203
95.062
97.802
101.402
102.609
103.816
105.024
106.231
106.951
109.807
111.015
116.912
117.098
117.795
118.213
118.840
130.728
136.022
141.015
142.222
142.594
147.006
148.213
149.420
162.586
163.817
165.024
166.232
166.371
168.600
169.808
172.222
173.430
177.006
178.306
185.411
186.619
187.826
190.171
194.606
195.024
198.600
199.808
201.015
209.421
210.628
213.949
217.826
219.034
223.817
225.025
225.814
229.808
232.339
232.850
237.006
237.749
244.204
249.034
249.615
252.192
253.817
255.025
256.232
259.808
261.016
261.480
266.983
268.214
268.399
273.369
281.403
282.610
283.818
289.599
292.223
297.192
305.389
306.620
309.034
309.801
320.923
322.223
328.191
330.629
332.835
334.205
335.412
336.620
341.380
343.818
344.723
347.510
348.183
349.809
351.016
353.431
359.422
360.629
364.205
365.412
368.408
