0.739
0.970
0.750
0.739
0.659
0.532
0.562
0.547
0.468
0.415
0.281
0.217
0.195
0.166
0.260
0.465
0.634
0.849
0.853
0.545
0.472
0.394
0.290
0.287
0.241
0.259
0.219
0.191
0.165
0.297
0.313
0.437
0.589
0.830
0.771
0.655
0.666
0.695
0.623
0.624
0.641
0.700
0.665
0.681
0.619
0.684
0.654
0.681
0.654
0.654
0.574
0.567
0.608
0.578
0.578
0.600
0.607
0.619
0.628
0.603
0.613
0.632
0.594
0.636
0.632
0.631
0.692
0.619
0.643
0.651
0.587
0.650
0.619
0.653
0.676
0.661
0.742
0.674
0.633
0.674
0.604
0.619
0.697
0.761
0.815
0.712
0.807
0.767
0.800
0.807
0.789
0.699
0.795
0.818
0.800
0.696
0.824
0.848
0.819
0.747
0.771
0.820
0.801
0.752
0.806
0.720
0.810
0.725
0.819
0.810
0.857
0.734
0.804
0.840
0.816
0.686
0.731
0.763
0.724
0.658
0.735
0.628
0.724
0.657
0.618
0.633
0.635
0.664
0.614
0.548
0.532
0.591
0.540
0.560
0.607
0.673
0.645
0.678
0.652
0.672
0.679
0.700
0.712
0.661
0.676
0.879
0.856
0.653
0.725
0.736
0.728
0.666
0.703
0.648
0.704
0.670
0.751
0.738
0.728
0.660
0.718
0.729
0.741
0.697
0.758
0.736
0.724
0.674
0.719
0.688
0.725
0.675
0.695
0.726
0.746
0.689
0.767
0.703
0.672
0.739
0.812
0.667
0.746
0.683
0.695
0.636
0.695
0.647
0.715
0.754
0.731
0.634
0.724
0.677
0.791
0.691
0.499
0.478
0.489
0.249
0.266
0.264
0.240
0.225
0.242
0.247
0.247
0.211
0.248
0.233
0.234
0.216
0.256
0.243
0.249
0.223
0.249
0.250
0.250
0.223
0.225
0.249
0.263
0.228
0.244
0.238
0.257
0.236
0.236
0.254
0.269
