0.070
10.820
20.434
20.735
21.037
21.339
21.641
21.943
22.245
22.523
22.825
23.150
23.429
23.754
24.033
24.335
24.636
24.915
24.961
25.170
25.519
25.821
26.122
26.424
26.726
27.028
27.330
27.632
27.934
28.235
28.537
28.839
29.141
29.420
29.745
30.023
30.325
30.511
30.650
30.790
30.929
31.115
31.254
31.533
31.718
31.858
31.997
32.136
32.438
32.740
32.903
33.065
33.205
33.344
33.646
33.924
34.249
34.528
34.714
34.853
35.132
35.318
35.457
35.596
35.759
36.037
36.316
36.664
36.804
36.943
37.245
37.523
37.872
37.988
38.150
38.452
38.731
39.056
39.335
39.636
39.938
40.263
40.705
41.006
41.169
41.308
41.471
41.610
41.912
42.214
42.516
42.818
43.119
43.421
43.723
44.304
44.466
47.671
48.669
49.250
68.476
68.754
68.917
69.079
69.358
69.660
69.962
70.264
70.426
70.565
70.728
70.867
71.169
71.448
71.750
72.655
72.957
73.561
74.165
74.466
75.070
75.651
75.952
76.254
76.556
76.858
77.137
77.462
77.740
78.065
78.530
78.971
79.412
79.552
80.016
80.318
81.061
81.827
82.268
82.570
82.872
83.197
88.259
89.466
89.768
90.070
90.651
90.953
91.254
91.556
91.835
92.160
92.462
92.764
93.042
93.367
93.646
93.971
94.250
94.505
94.830
95.086
95.457
95.759
96.061
96.363
96.665
97.849
98.151
98.453
98.731
99.010
99.056
99.335
99.660
99.939
100.217
100.519
100.844
101.471
102.655
102.957
103.259
104.141
104.467
104.908
105.581
106.858
106.974
107.299
107.462
107.741
108.368
108.623
108.809
109.111
109.273
109.552
110.155
110.759
111.363
111.943
112.222
112.547
112.849
113.151
113.429
113.755
114.056
114.358
114.521
114.660
115.264
115.844
116.146
116.448
118.817
