0.404
0.809
0.736
0.681
0.574
0.427
0.372
0.429
0.265
0.222
0.226
0.077
0.000
0.017
0.017
0.017
0.019
0.019
0.019
0.170
0.400
0.406
0.497
0.302
0.359
0.158
0.532
0.219
0.389
0.382
0.464
0.463
0.209
0.184
0.062
0.021
0.646
0.269
0.319
0.517
0.497
0.704
0.489
0.286
0.381
0.480
0.335
0.358
0.440
0.354
0.314
0.337
0.391
0.455
0.486
0.559
0.454
0.357
0.262
0.344
0.540
0.313
0.421
0.628
0.577
0.346
0.489
0.633
0.401
0.584
0.697
0.508
0.563
0.665
0.557
0.524
0.638
0.532
0.549
0.574
0.674
0.636
0.677
0.556
0.576
0.678
0.716
0.619
0.630
0.683
0.591
0.653
0.634
0.636
0.684
0.705
0.671
0.452
0.633
0.656
0.688
0.767
0.729
0.820
0.675
0.847
0.865
0.721
0.741
0.815
0.769
0.699
0.742
0.816
0.793
0.908
0.787
0.719
0.710
0.719
0.772
0.769
0.776
0.754
0.765
0.782
0.736
0.771
0.630
0.725
0.887
0.743
0.715
0.774
0.794
0.712
0.744
0.709
0.716
0.678
0.665
0.659
0.740
0.729
0.712
0.764
0.763
0.709
0.753
0.748
0.789
0.734
0.715
0.886
0.575
0.625
0.819
0.881
0.638
0.851
0.861
0.820
0.783
0.883
0.751
0.742
0.853
0.820
0.901
0.775
0.732
0.828
0.739
1.000
0.820
0.627
0.665
0.731
0.805
0.707
0.795
0.800
0.729
0.722
0.728
0.718
0.724
0.786
0.784
0.761
0.771
0.747
0.678
0.738
0.718
0.699
0.749
0.760
0.733
0.789
0.617
0.798
0.807
0.710
0.777
0.742
0.756
0.754
0.808
0.730
0.798
0.791
0.769
0.738
0.796
0.816
0.727
0.673
0.769
0.747
0.802
0.697
0.822
0.796
0.784
0.726
0.791
0.703
0.832
0.790
0.745
0.586
0.595
0.674
0.471
0.388
0.196
0.519
0.540
0.407
0.528
0.499
0.473
0.313
0.185
0.428
0.333
0.454
0.346
0.333
0.356
0.423
0.627
0.284
0.310
0.346
0.347
0.381
0.472
0.295
0.250
0.615
0.442
0.310
0.425
0.363
0.237
0.268
0.425
0.469
0.443
0.579
0.478
0.321
0.281
0.388
0.368
0.245
0.150
0.153
0.025
