0.717
0.675
0.730
0.610
0.546
0.470
0.361
0.249
0.230
0.133
0.086
0.086
0.000
0.079
0.049
0.103
0.203
0.286
0.503
0.430
0.242
0.507
0.378
0.563
0.523
0.512
0.587
0.464
0.280
0.518
0.360
0.473
0.359
0.619
0.569
0.585
0.552
0.555
0.595
0.662
0.647
0.566
0.584
0.544
0.596
0.635
0.587
0.637
0.565
0.666
0.867
0.865
0.809
0.860
0.805
0.833
0.782
0.787
0.796
0.833
0.827
0.848
0.831
0.827
0.775
0.822
0.826
0.869
0.860
0.836
0.864
0.847
0.812
0.812
0.875
0.858
0.831
0.843
0.866
0.846
0.560
0.863
0.955
0.914
0.869
0.853
0.894
0.881
0.892
0.862
0.905
0.807
0.859
0.857
0.863
0.815
0.906
0.881
0.874
0.839
0.916
0.882
0.894
0.773
0.871
0.802
0.884
0.785
0.868
0.861
0.889
0.800
0.902
0.890
0.889
0.859
0.922
0.910
0.920
0.884
0.936
0.906
0.935
0.952
0.936
0.938
0.953
0.937
0.933
0.936
0.949
0.951
0.965
0.935
0.960
0.952
0.951
0.956
0.961
1.000
0.979
0.972
0.973
0.970
0.948
0.758
0.736
0.944
0.985
0.963
0.983
0.940
0.961
0.919
0.959
0.949
0.963
0.962
0.967
0.929
0.961
0.953
0.944
0.966
0.969
0.967
0.956
0.924
0.952
0.933
0.954
0.956
0.961
0.972
0.972
0.926
0.959
0.993
0.995
0.781
0.871
0.996
0.939
0.937
0.945
0.937
0.950
0.967
0.970
0.953
0.973
0.935
0.962
0.805
0.856
0.780
0.660
0.466
0.720
0.670
0.701
0.495
0.613
0.643
0.720
0.482
0.694
0.574
0.610
0.480
0.631
0.628
0.687
0.416
0.716
0.536
0.622
0.428
0.622
0.648
0.725
0.480
0.655
0.514
0.640
0.501
0.570
0.614
0.703
0.432
0.575
