0.380
0.415
0.437
0.443
0.399
0.447
0.402
0.486
0.383
0.503
0.424
0.455
0.389
0.488
0.395
0.511
0.420
0.435
0.378
0.479
0.376
0.523
0.392
0.396
0.373
0.468
0.395
0.516
0.393
0.560
0.437
0.462
0.380
0.488
0.398
0.556
0.750
0.595
0.386
0.499
0.406
0.525
0.435
0.442
0.454
0.503
0.402
0.544
0.418
0.437
0.370
0.488
0.397
0.552
0.415
0.462
0.369
0.469
0.401
0.507
0.416
0.457
0.374
0.493
0.393
0.524
0.548
0.230
0.568
0.490
0.391
0.505
0.418
0.556
0.426
0.480
0.393
0.520
0.411
0.553
0.448
0.477
0.382
0.513
0.412
0.545
0.431
0.466
0.389
0.515
0.408
0.548
0.416
0.454
0.378
0.501
0.390
0.540
0.413
0.585
0.758
0.506
0.413
0.551
0.416
0.456
0.378
0.483
0.492
0.522
0.422
0.454
0.379
0.496
0.387
0.529
0.408
0.444
0.391
0.488
0.377
0.515
0.434
0.534
0.419
0.470
0.387
0.519
0.415
0.564
0.533
0.476
0.597
0.506
0.424
0.559
0.404
0.451
0.387
0.511
0.423
0.541
0.423
0.467
0.382
0.501
0.397
0.539
0.399
0.444
0.342
0.508
0.393
0.541
0.431
0.447
0.380
0.492
0.383
0.544
0.425
0.452
0.420
0.632
0.803
0.536
0.422
0.560
0.380
0.491
0.388
0.515
0.522
0.409
0.381
0.476
0.394
0.515
0.415
0.549
0.404
0.475
0.377
0.508
0.406
0.530
0.418
0.450
0.382
0.506
0.403
0.521
0.407
0.459
0.470
0.245
0.808
0.547
0.388
0.439
0.375
0.498
0.402
0.546
0.423
0.449
0.387
0.484
0.393
0.536
0.384
0.450
0.422
0.493
0.391
0.517
0.430
0.435
0.397
0.480
0.371
0.503
0.377
0.436
0.377
0.477
0.384
0.535
0.693
0.562
0.416
0.464
0.388
0.518
0.388
0.530
0.566
0.458
0.395
0.496
0.397
0.564
0.409
0.460
0.400
0.479
0.399
0.541
0.394
0.454
0.361
0.506
0.397
0.559
0.450
0.435
0.377
0.486
0.402
0.416
0.720
0.563
0.415
0.496
0.397
0.527
0.437
0.439
0.375
0.482
0.389
0.495
0.422
0.428
0.367
0.492
0.372
0.504
0.417
0.420
0.403
0.477
0.390
0.502
0.415
0.566
0.405
0.474
0.376
0.508
0.395
0.548
0.757
0.619
0.370
0.486
0.410
0.531
0.392
0.444
0.443
0.497
0.413
0.517
0.421
0.448
0.373
0.499
0.394
0.532
0.401
0.455
0.368
0.491
0.395
0.530
0.421
0.456
0.390
0.469
0.369
0.503
0.534
0.230
0.730
0.480
0.413
0.534
0.406
0.567
0.434
0.472
0.407
0.505
0.414
0.537
0.422
0.474
0.376
0.520
0.422
0.549
0.406
0.469
0.378
0.486
0.419
0.531
0.402
0.435
0.366
0.506
0.393
0.548
0.406
0.588
0.629
0.476
0.426
0.553
0.406
0.456
0.394
0.492
0.481
0.536
0.410
0.445
0.369
0.491
0.404
0.516
0.399
0.436
0.378
0.483
0.379
0.524
0.414
0.555
0.422
0.474
0.405
0.484
0.377
0.548
0.494
0.481
0.774
0.510
0.407
0.557
0.436
0.471
0.391
0.504
0.417
0.555
0.407
0.452
0.358
0.499
0.401
0.538
0.410
0.458
0.377
0.490
0.393
0.532
0.424
0.443
0.387
0.491
0.407
0.543
0.421
0.444
0.402
0.614
0.795
0.533
0.401
0.548
0.377
0.480
0.396
0.527
0.513
0.419
0.399
0.467
0.388
0.502
0.402
0.554
0.404
0.468
0.391
0.513
0.404
0.540
0.424
0.588
0.385
0.478
0.403
0.528
0.447
0.477
0.499
0.254
0.813
0.550
0.429
0.446
0.370
0.476
0.413
0.549
0.397
0.435
0.391
0.494
0.396
0.528
0.398
0.455
0.412
0.489
0.380
0.515
0.400
0.445
0.379
0.493
0.395
0.531
0.419
0.431
0.371
0.473
0.380
0.530
0.686
0.571
0.441
0.475
0.394
0.512
0.409
0.566
0.550
0.470
0.417
0.480
0.383
0.525
0.405
0.468
0.398
0.494
0.415
0.544
0.414
0.460
0.387
0.483
0.388
0.540
0.406
0.401
0.380
0.487
0.420
0.425
0.523
0.574
0.417
0.493
0.394
0.539
0.399
0.448
0.381
0.486
0.390
0.512
0.428
0.428
0.372
0.482
0.389
0.521
0.391
0.413
0.362
0.468
0.398
0.504
0.407
0.566
0.427
0.461
0.373
0.509
0.391
0.525
0.719
0.597
0.377
0.517
0.421
0.510
0.436
0.451
0.463
0.496
0.424
0.533
0.405
0.445
0.366
0.499
0.399
0.537
0.414
0.458
0.361
0.468
0.405
0.508
0.405
0.457
0.373
0.476
0.385
0.510
0.515
0.231
0.768
0.495
0.391
0.506
0.412
0.565
0.427
0.489
0.412
0.521
0.419
0.555
0.422
0.475
0.378
0.517
0.402
0.563
0.417
0.455
0.397
0.507
0.405
0.544
0.410
0.450
0.402
0.500
0.399
0.544
0.409
