9.454
9.709
9.918
10.173
10.406
10.684
10.893
11.172
11.381
11.660
11.892
12.170
12.379
12.658
12.867
13.146
13.355
13.633
13.865
14.330
14.632
14.841
15.119
15.328
15.607
15.816
16.303
17.790
18.277
18.556
18.765
19.067
19.252
19.531
19.763
20.042
20.251
20.530
20.739
21.226
21.505
21.714
22.201
22.503
22.689
22.735
22.968
23.200
23.478
23.687
24.175
24.454
24.663
25.150
25.429
25.661
26.149
26.636
27.124
27.426
27.612
27.913
28.099
28.610
29.098
29.585
30.073
30.561
31.048
33.533
34.044
34.508
35.483
35.762
36.482
36.969
37.457
37.736
37.944
38.432
38.920
39.222
39.431
39.709
39.918
40.406
40.893
41.172
41.381
41.683
41.869
42.171
42.380
42.658
42.867
43.146
43.355
43.842
44.330
44.818
45.096
45.328
45.816
46.304
46.606
46.791
47.070
49.253
49.531
49.740
50.042
50.251
50.530
50.739
51.017
51.226
51.505
51.714
51.993
52.202
52.480
52.689
52.968
53.200
53.455
53.688
53.966
54.175
54.431
54.663
54.941
55.174
55.429
55.638
55.685
55.940
56.149
56.404
56.613
56.915
57.124
57.612
57.890
58.099
58.401
58.587
58.633
58.889
59.098
59.585
60.073
60.561
61.072
61.536
61.582
62.047
62.325
62.534
62.813
63.045
63.510
64.020
64.508
65.019
68.688
68.943
69.222
69.431
69.686
69.918
70.406
70.917
71.404
71.869
72.356
72.403
72.612
72.891
73.123
73.355
73.843
74.144
74.330
74.632
74.864
75.120
75.329
75.816
76.304
76.559
77.279
77.581
77.790
78.045
78.254
78.301
78.533
78.788
79.253
79.531
79.740
80.019
80.228
80.507
80.762
81.018
81.226
81.528
81.714
81.993
82.202
82.480
84.686
85.058
85.406
85.894
86.149
86.544
86.660
86.892
87.008
87.380
87.867
88.123
88.494
88.634
88.750
88.982
89.353
89.841
90.097
90.468
90.584
90.723
90.840
90.956
91.304
91.792
92.070
92.326
92.419
92.581
92.813
92.929
93.278
93.765
94.044
94.415
94.532
94.880
95.251
95.739
95.994
96.227
96.482
98.943
99.431
109.764
110.762
111.273
111.761
112.248
112.713
113.711
113.943
116.149
116.660
116.892
117.148
117.426
117.635
117.891
118.123
118.611
118.866
119.121
119.586
119.864
120.073
120.561
120.840
121.072
121.560
122.070
122.558
123.533
124.021
124.508
125.019
125.484
125.995
126.459
126.970
127.457
127.736
127.968
128.433
128.943
129.222
129.408
130.685
131.382
131.660
132.380
132.868
133.355
133.843
134.122
134.331
134.609
134.841
135.329
135.817
136.304
136.583
136.815
137.094
137.279
137.558
137.814
138.069
138.278
138.557
138.789
138.928
139.044
139.276
143.201
143.479
143.711
144.176
144.687
144.942
145.151
145.453
145.662
146.149
146.405
146.660
146.916
147.148
147.403
147.612
147.891
148.611
149.122
149.354
149.609
151.095
151.583
153.023
153.069
153.533
154.021
154.509
154.996
155.507
155.972
156.482
156.993
157.504
157.968
158.247
158.828
159.455
159.942
160.430
160.894
167.814
169.068
169.277
169.787
170.275
170.763
171.018
171.250
171.715
172.225
172.713
172.969
173.224
173.688
173.944
174.222
174.687
175.174
175.662
176.637
177.148
177.404
177.613
177.891
178.123
178.263
178.611
178.866
179.099
179.586
180.074
180.306
180.561
180.840
181.072
181.351
181.537
181.583
181.839
182.048
182.326
182.535
182.814
183.023
183.301
183.510
183.812
184.021
184.277
184.509
184.787
184.996
185.275
185.484
185.763
185.972
186.134
186.250
186.459
186.738
186.970
187.249
187.458
187.736
187.945
188.201
188.433
188.712
188.944
189.199
189.408
189.710
189.919
190.198
190.407
190.685
190.894
191.382
191.870
192.171
192.357
192.404
192.659
192.891
193.147
193.356
193.634
193.843
194.122
194.238
194.331
194.377
194.610
194.842
195.329
195.608
195.817
196.072
196.305
196.583
196.815
197.048
197.280
197.558
197.791
198.046
198.255
198.534
198.766
199.045
199.254
199.532
199.741
200.020
200.229
200.507
200.740
200.995
201.227
201.506
201.715
201.970
202.202
202.481
202.713
202.969
203.178
203.456
203.689
203.944
204.176
204.455
204.664
204.919
205.151
205.662
205.941
206.127
206.428
206.637
207.125
207.404
207.613
207.891
208.100
208.379
