0.409
0.551
0.510
0.566
0.516
0.434
0.550
0.557
0.610
0.559
0.586
0.619
0.571
0.563
0.652
0.820
0.929
0.811
0.941
0.826
0.950
0.829
0.956
0.844
0.957
0.868
0.957
0.840
0.940
0.809
0.638
0.538
0.917
0.895
0.932
0.854
0.949
0.869
0.917
0.854
0.908
0.872
0.914
0.864
0.916
0.815
0.967
0.902
0.950
0.905
0.943
0.839
0.935
0.874
0.917
0.854
0.909
0.869
0.915
0.841
0.756
0.331
0.668
0.432
0.931
0.825
0.943
0.734
0.951
0.791
0.945
0.870
0.917
0.914
0.922
0.861
0.904
0.888
0.977
0.883
0.930
0.839
0.940
0.877
0.948
0.856
0.939
0.882
0.896
0.834
0.898
0.850
0.758
0.683
0.604
0.692
0.922
0.902
0.947
0.929
0.968
0.871
0.933
0.901
0.935
0.880
0.911
0.888
0.908
0.869
0.953
0.920
0.927
0.899
0.967
0.869
0.989
0.907
0.953
0.895
0.946
0.882
0.930
0.875
0.952
0.836
0.917
0.879
0.754
0.446
0.101
0.338
0.165
0.330
0.158
0.373
0.954
0.894
0.953
0.881
0.972
0.875
0.929
0.878
0.931
0.848
0.914
0.883
0.919
0.864
1.000
0.905
0.429
0.874
0.979
0.890
0.969
0.892
0.950
0.878
0.981
0.880
0.962
0.889
0.714
0.638
0.621
0.222
0.937
0.789
0.768
0.966
0.756
0.848
0.796
0.923
0.830
0.860
0.834
0.939
0.776
0.887
0.790
0.958
0.822
0.893
0.786
0.919
0.812
0.879
0.794
0.976
0.922
0.884
0.654
0.835
0.773
0.774
0.799
0.744
0.777
0.794
0.760
0.746
0.735
0.511
0.726
0.833
0.798
0.779
0.770
0.737
0.749
0.519
0.789
0.819
0.822
0.752
0.760
0.747
0.778
0.659
0.764
0.823
0.792
0.736
0.787
0.733
0.772
0.548
0.597
0.669
0.718
0.915
0.905
0.927
0.923
0.903
0.896
0.901
0.914
0.919
0.924
0.921
0.912
0.893
0.899
0.888
0.905
0.888
0.896
0.887
0.914
0.891
0.917
0.912
0.924
0.907
0.926
0.915
0.915
0.708
0.697
0.878
0.810
0.892
0.902
0.882
0.900
0.863
0.911
0.890
0.894
0.892
0.910
0.875
0.890
0.899
0.909
0.885
0.920
0.857
0.438
0.796
0.725
0.816
0.806
0.821
0.877
0.916
0.883
0.883
0.920
0.919
0.894
0.919
0.929
0.994
0.795
0.648
0.997
0.918
0.629
0.676
0.665
0.994
0.557
0.651
0.478
0.946
0.950
0.938
0.940
0.942
0.911
0.957
0.673
0.921
0.925
0.678
0.390
0.903
0.884
0.891
0.913
0.727
0.615
0.646
0.621
0.760
0.759
0.587
0.748
0.624
0.789
0.757
0.755
0.533
0.779
0.680
0.809
0.617
0.791
0.781
0.780
0.641
0.786
0.645
0.817
0.583
0.785
0.782
0.801
0.620
0.832
0.792
0.785
0.776
0.844
0.775
0.869
0.943
0.945
0.924
0.902
0.911
0.900
0.936
0.909
0.952
0.913
0.919
0.890
0.909
0.926
0.941
0.932
0.901
0.918
0.941
0.917
0.956
0.899
0.920
0.930
0.964
0.932
0.928
0.907
0.905
0.892
0.926
0.906
0.908
0.911
0.965
0.922
0.911
0.910
0.912
0.905
0.957
0.921
0.948
0.922
0.907
0.908
0.902
0.888
0.923
0.928
0.916
0.923
0.940
0.933
0.914
0.943
0.949
0.939
0.935
0.913
0.755
0.477
0.695
0.514
0.728
0.377
0.000
0.011
