2.070
4.763
5.529
8.734
9.988
10.986
12.960
14.446
15.909
16.582
17.882
19.531
19.995
20.530
20.831
23.455
24.430
24.756
25.754
26.915
27.890
28.122
28.378
29.214
30.653
31.327
32.325
33.626
35.762
35.994
36.273
36.505
37.248
37.480
39.222
39.663
39.709
40.150
41.474
43.610
44.121
44.423
45.398
47.070
49.253
52.016
52.294
53.246
55.452
58.192
58.889
59.377
59.887
60.863
63.812
65.274
65.530
65.762
66.134
66.273
66.505
66.737
67.109
67.480
67.736
68.107
68.339
68.711
69.036
70.197
70.661
71.056
71.172
71.428
71.683
71.962
72.496
74.609
74.911
75.120
75.561
75.909
78.858
79.021
79.508
79.833
80.809
82.527
84.686
85.174
86.172
86.892
87.031
87.403
88.146
88.518
89.377
90.097
90.584
90.840
90.979
91.281
91.327
94.044
94.346
94.764
94.903
95.228
96.575
99.872
100.174
106.583
112.248
116.869
116.916
117.171
117.380
117.868
118.355
118.843
119.214
119.330
119.470
119.841
120.073
120.840
121.327
121.815
122.303
122.767
123.139
123.185
123.417
123.765
124.532
124.741
125.252
125.739
126.227
126.505
126.714
126.993
127.365
127.713
128.711
130.174
130.685
130.940
131.312
131.916
132.728
133.123
133.634
134.098
134.609
135.004
135.213
135.584
136.583
137.070
137.535
138.069
138.533
138.882
139.160
139.532
140.484
140.762
140.902
140.995
141.273
141.482
141.738
141.970
142.481
142.736
142.852
143.061
143.247
143.456
143.688
144.431
144.919
145.430
145.894
146.405
146.776
146.916
147.403
151.629
153.324
153.557
154.067
154.555
155.345
155.461
156.250
156.738
156.993
157.411
157.713
157.992
158.201
158.828
158.990
159.199
159.942
160.198
160.685
161.173
162.125
162.636
163.379
164.633
165.120
165.863
166.583
166.838
167.581
169.068
169.532
173.479
176.800
177.287
177.404
181.351
182.140
182.814
183.812
184.300
184.787
185.275
185.786
186.134
186.761
187.249
187.736
188.085
188.224
188.712
189.199
189.687
191.684
192.171
193.147
194.911
195.608
196.583
197.071
197.582
197.884
200.531
201.018
204.455
204.942
205.430
208.890
212.489
