13.796
13.842
18.115
18.277
21.714
22.573
23.084
23.548
24.082
25.731
27.054
28.030
31.420
34.322
37.573
37.619
38.293
39.291
39.802
45.282
47.441
49.485
55.034
61.048
61.397
62.418
68.595
68.757
72.380
73.262
74.214
74.702
76.838
80.716
81.621
82.086
82.643
83.223
85.151
97.062
97.411
105.933
108.394
108.928
109.903
112.132
114.268
118.286
120.817
121.327
122.117
122.279
125.275
126.668
130.104
130.569
132.728
134.516
141.343
142.318
144.617
146.242
148.657
148.982
150.236
154.462
156.482
158.108
161.521
167.674
168.394
169.068
169.787
169.834
176.893
180.283
188.619
192.125
204.037
207.055
208.704
209.122
211.885
212.512
