0.350
0.532
0.328
0.486
0.463
0.187
0.480
0.200
0.470
0.435
0.334
0.452
0.338
0.627
0.457
0.214
0.459
0.442
0.205
0.436
0.265
0.615
0.348
0.637
0.519
0.509
0.328
0.721
0.155
0.470
0.490
0.668
0.396
0.213
0.431
0.689
0.384
0.704
0.392
0.666
0.451
0.474
0.500
0.678
0.481
0.823
0.425
0.689
0.479
0.518
0.507
0.659
0.872
0.937
0.948
0.665
0.460
0.233
0.399
0.565
0.932
0.996
0.503
0.611
0.484
0.358
0.872
0.660
0.924
0.797
0.966
0.872
0.599
0.831
0.931
1.000
0.607
0.576
0.418
0.353
0.461
0.991
0.358
0.348
0.625
0.641
0.594
0.682
0.683
0.992
0.818
0.895
0.703
0.601
0.493
0.510
0.663
0.833
0.644
0.680
0.653
0.654
0.485
0.543
0.620
0.901
0.793
0.855
0.652
0.417
0.401
0.408
0.609
0.885
0.733
0.426
0.635
0.402
0.523
0.776
0.578
0.814
0.725
0.774
0.764
0.523
0.504
0.513
0.576
0.830
0.469
0.339
0.353
0.511
0.413
0.279
0.463
0.193
0.486
0.524
0.327
0.320
0.358
0.605
0.360
0.242
0.511
0.366
0.138
0.250
0.000
0.718
0.372
0.584
0.470
0.451
0.386
0.694
0.799
0.784
0.908
0.614
0.637
0.934
0.766
0.911
0.785
0.543
0.360
0.294
0.596
0.887
0.698
0.845
0.661
0.531
0.720
0.734
0.715
0.909
0.771
0.923
0.644
0.698
0.618
0.654
0.588
0.852
0.586
0.535
0.594
0.788
0.599
0.623
0.674
0.881
0.789
0.934
0.856
0.542
0.322
0.405
0.720
0.881
0.809
0.462
0.601
0.441
0.667
0.648
0.592
0.836
0.888
0.954
0.663
0.640
0.175
0.534
0.560
0.932
0.883
0.554
0.600
0.642
0.517
0.902
0.706
0.848
0.763
0.955
0.879
0.569
0.556
0.750
0.715
0.674
0.762
0.519
0.562
0.609
0.544
0.564
0.735
0.749
0.757
0.906
0.593
0.406
0.496
0.431
0.657
0.803
0.696
0.560
0.641
0.623
0.476
0.749
0.661
0.898
0.754
0.842
0.735
0.500
0.623
0.376
0.594
0.849
0.687
0.559
0.666
0.466
0.592
0.515
0.573
0.786
0.816
0.892
0.593
0.490
0.534
0.377
0.587
0.802
0.755
0.651
0.705
0.511
0.502
0.800
0.613
0.927
0.736
0.826
0.719
0.676
0.509
0.327
0.620
0.812
0.643
0.575
0.599
0.476
0.472
0.417
0.637
0.805
0.741
0.892
0.657
0.392
0.475
0.492
0.609
0.901
0.695
0.471
0.579
0.626
0.495
0.491
0.405
0.342
0.539
0.534
0.299
0.506
0.316
0.048
0.213
0.011
0.512
0.471
0.314
0.506
0.475
0.231
0.387
0.248
0.473
0.502
