0.163
0.673
1.161
1.672
2.159
2.670
3.158
3.669
4.156
4.667
5.155
5.666
6.153
6.664
7.152
7.663
8.173
8.661
9.172
9.660
10.170
10.658
11.169
11.656
12.167
12.655
13.166
13.653
14.164
14.652
15.163
15.673
16.161
16.672
17.160
17.670
18.158
18.669
19.156
19.667
20.155
20.666
21.153
21.664
22.152
22.663
23.174
23.661
24.172
24.660
25.170
25.658
26.169
26.657
27.167
27.655
28.166
28.653
29.164
29.652
30.163
30.674
31.161
31.672
32.160
32.670
33.158
33.669
34.157
34.667
35.155
35.666
36.153
36.664
37.152
37.663
38.174
38.661
39.172
39.660
40.171
40.658
41.169
41.657
42.167
42.655
43.166
43.654
44.164
44.652
45.163
45.674
46.161
46.672
47.160
47.671
48.158
48.669
49.157
49.667
50.155
50.666
51.154
51.664
52.152
52.663
53.174
53.661
54.172
54.660
55.171
55.658
56.169
56.657
57.168
57.655
58.166
58.654
59.164
59.652
60.163
60.674
61.161
61.672
62.160
62.671
63.158
63.669
64.157
64.668
65.155
65.666
66.154
66.664
67.152
67.663
68.174
68.661
69.172
69.660
70.171
70.658
71.169
71.657
72.168
72.655
73.166
73.654
74.165
74.652
75.163
75.674
76.161
76.672
77.160
77.671
78.158
78.669
79.157
79.668
80.155
80.666
81.154
81.665
82.152
82.663
83.174
83.661
84.172
84.660
85.171
85.658
86.169
86.657
87.168
87.655
88.166
88.654
89.165
89.652
90.163
90.674
91.162
91.672
92.160
92.671
93.158
93.669
94.157
94.668
95.155
95.666
96.154
96.665
97.152
97.663
98.174
98.662
99.172
99.660
100.171
100.659
101.169
101.657
102.168
102.655
103.166
103.654
104.165
104.652
105.163
105.674
106.162
106.672
107.160
107.671
108.159
108.669
109.157
109.668
110.155
110.666
111.154
111.665
112.152
112.663
113.174
113.662
114.173
114.660
115.171
115.659
116.169
116.657
117.168
117.656
118.166
118.654
119.165
119.652
120.163
120.674
121.162
121.673
122.160
122.671
123.159
123.669
124.157
124.668
125.156
125.666
126.154
126.665
127.152
127.663
128.151
128.662
129.173
129.660
130.171
130.659
131.170
131.657
132.168
132.656
133.166
133.654
134.165
134.653
135.163
135.651
136.162
136.673
137.160
137.671
138.159
138.670
139.157
139.668
140.156
140.666
141.154
141.665
142.153
142.663
143.151
143.662
144.173
144.660
145.171
145.659
146.170
146.657
147.168
147.656
148.167
148.654
149.165
149.653
150.163
150.651
151.162
151.673
152.160
152.671
153.159
153.670
154.157
154.668
155.156
155.667
156.154
156.665
157.153
157.663
158.151
158.662
159.173
159.660
160.171
160.659
161.170
161.657
162.168
162.656
163.167
163.654
164.165
164.653
165.164
165.651
166.162
166.673
167.160
167.671
168.159
168.670
169.157
169.668
170.156
170.667
171.154
171.665
172.153
172.664
173.151
173.662
174.173
174.660
175.171
175.659
176.170
176.657
177.168
177.656
178.167
178.654
179.165
179.653
180.164
180.651
181.162
181.673
182.161
182.671
183.182
