0.906
0.980
0.970
0.984
0.960
0.988
0.963
0.977
0.976
0.986
0.966
0.989
0.458
0.756
0.754
0.843
0.965
0.984
0.967
0.991
0.967
0.990
0.969
0.987
0.964
0.989
0.968
0.989
0.972
0.984
0.967
0.972
0.976
0.988
0.968
0.987
0.971
0.988
0.965
0.975
0.972
0.817
0.951
0.879
0.820
0.822
0.828
0.865
0.962
0.986
0.967
0.990
0.966
0.989
0.969
0.988
0.965
0.988
0.967
0.989
0.971
0.985
0.969
0.986
0.980
0.991
0.973
0.991
0.971
0.986
0.964
0.988
0.968
0.989
0.969
0.984
0.959
0.987
0.967
0.977
0.978
0.983
0.972
0.988
0.975
0.987
0.981
0.983
0.970
0.985
0.964
0.987
0.974
0.855
0.954
0.893
0.969
0.989
0.968
0.990
0.986
0.983
0.989
0.992
0.969
0.992
0.970
0.983
1.000
0.990
0.988
0.992
0.971
0.983
0.969
0.987
0.970
0.989
0.969
0.990
0.968
0.985
0.964
0.991
0.967
0.990
0.971
0.985
0.970
0.989
0.966
0.983
0.975
0.985
0.967
0.983
0.974
0.989
0.968
0.982
0.973
0.962
0.923
0.851
0.963
0.985
0.945
0.986
0.873
0.976
0.949
0.979
0.881
0.984
0.939
0.982
0.885
0.980
0.952
0.976
0.899
0.891
0.841
0.865
0.890
0.978
0.953
0.901
0.979
0.856
0.834
0.894
0.863
0.993
0.835
0.763
0.818
0.901
0.763
0.643
0.703
0.665
0.972
0.989
0.959
0.986
0.843
0.620
0.106
0.000
0.000
0.000
0.000
0.000
0.000
0.000
0.000
0.000
0.000
0.000
0.000
0.000
0.000
0.000
0.965
0.761
0.778
0.932
0.916
0.884
0.828
0.922
0.905
0.820
0.826
0.938
0.915
0.826
0.799
0.816
0.932
0.841
0.789
0.929
0.888
