0.000
0.000
0.000
0.000
0.000
0.000
0.000
0.000
0.000
0.000
0.000
0.000
0.253
0.163
0.000
0.258
0.092
0.000
0.238
0.124
0.002
0.107
0.086
0.000
0.227
0.150
0.000
0.185
0.093
0.030
0.180
0.079
0.000
0.202
0.064
0.000
0.204
0.058
0.000
0.701
0.563
0.465
0.436
0.817
0.726
0.718
0.745
0.570
0.474
0.355
0.728
0.684
0.598
0.610
0.545
0.437
0.404
0.834
0.715
0.670
0.668
0.518
0.403
0.750
0.703
0.651
0.552
0.198
0.000
0.000
0.615
0.620
0.871
0.528
0.779
0.863
0.829
0.695
0.644
0.625
0.642
0.765
0.679
0.678
0.583
0.537
0.495
0.898
0.839
0.805
0.871
0.659
0.621
0.816
0.739
0.676
0.835
0.684
0.533
0.708
0.650
0.768
0.801
0.809
0.782
0.799
0.693
0.705
0.705
0.687
0.686
0.877
0.650
0.595
0.769
0.779
0.775
0.867
0.644
0.718
0.802
0.643
0.710
0.688
0.672
0.707
0.803
0.763
0.703
1.000
0.978
0.920
0.695
0.563
0.475
0.903
0.757
0.794
0.800
0.751
0.637
0.858
0.909
0.928
0.969
0.951
0.549
0.829
0.800
0.845
0.738
0.698
0.663
0.574
0.476
0.407
0.802
0.736
0.684
0.766
0.602
0.442
0.376
0.738
0.656
0.591
0.643
0.549
0.460
0.415
0.788
0.729
0.657
0.755
0.556
0.393
0.297
0.723
0.592
0.483
0.452
0.272
0.035
0.000
0.000
0.000
0.000
0.000
0.000
0.000
0.000
0.000
0.000
0.000
0.000
0.000
0.000
0.000
0.000
0.000
0.000
0.000
0.000
0.000
0.000
0.000
0.000
0.000
0.000
0.000
0.000
0.000
0.000
0.000
0.000
0.000
0.000
0.000
0.000
0.000
0.000
0.000
0.000
0.000
0.000
0.000
0.000
0.000
0.000
0.000
0.000
0.000
0.000
0.000
0.000
0.000
0.000
0.000
0.000
0.000
0.000
0.000
0.000
0.000
0.500
