5.364
5.782
6.223
6.664
7.082
7.523
7.941
8.382
8.800
9.218
9.660
10.077
10.519
10.937
11.378
11.796
12.237
12.655
13.096
13.514
13.932
14.373
14.791
15.232
15.650
16.091
16.509
16.951
17.369
17.810
18.228
18.646
19.087
19.505
19.923
20.364
20.782
21.200
21.641
22.082
22.500
22.918
23.359
23.800
24.218
24.636
25.078
25.496
25.937
26.355
26.773
27.214
27.632
28.073
28.491
28.932
29.350
29.791
30.209
30.650
31.068
31.509
31.927
32.369
32.787
33.205
33.622
34.040
34.482
34.923
35.341
35.782
36.223
36.641
37.059
37.500
37.918
38.359
38.777
39.219
39.636
40.054
40.496
40.937
41.355
41.773
42.214
42.655
43.073
43.491
43.909
44.350
44.791
45.209
45.627
46.068
46.486
46.928
47.345
47.787
48.205
48.646
49.064
49.505
49.923
50.341
50.782
51.223
51.641
52.059
52.500
52.941
53.359
53.777
54.219
54.637
55.078
55.496
55.914
56.355
56.773
57.214
57.632
58.073
58.491
58.932
59.350
59.791
60.209
60.627
61.068
61.510
61.928
62.346
62.787
63.228
63.646
64.064
64.505
64.946
65.364
65.782
66.200
66.641
67.059
67.500
67.918
68.360
68.778
69.219
69.637
70.078
70.496
70.914
71.355
71.796
72.214
72.632
73.073
73.514
73.932
74.350
74.768
75.209
75.651
76.069
76.510
76.951
77.369
77.787
78.228
78.669
79.087
79.505
79.923
80.341
80.782
81.223
81.641
82.059
82.500
82.942
83.360
83.778
84.219
84.660
85.078
85.496
85.937
86.378
86.796
87.237
87.655
88.073
88.491
88.909
89.350
89.792
90.210
90.627
91.045
91.463
91.881
92.299
92.717
93.135
93.553
93.971
94.389
94.807
95.225
95.643
96.061
96.479
96.897
97.315
97.733
98.151
98.569
98.987
99.405
99.823
100.241
100.659
101.076
101.494
101.912
102.330
102.748
103.166
103.584
104.002
104.420
104.838
105.256
105.674
106.092
106.510
106.928
107.346
107.764
108.182
108.600
109.018
109.436
109.854
110.272
110.690
111.107
111.525
111.943
112.361
112.779
113.197
113.615
114.033
114.451
114.869
115.287
115.705
116.123
116.541
116.959
117.377
117.795
118.213
118.631
119.049
119.467
119.885
120.326
120.767
121.208
121.649
