0.000
0.511
0.998
1.509
1.997
2.508
2.995
3.506
3.994
4.505
4.992
5.503
5.991
6.502
6.989
7.500
8.011
8.499
9.009
9.497
10.008
10.495
11.006
11.494
12.005
12.492
13.003
13.491
14.002
14.489
15.000
15.511
15.999
16.509
16.997
17.508
17.995
18.506
18.994
19.505
19.992
20.503
20.991
21.502
21.989
22.500
23.011
23.499
24.009
24.497
25.008
25.496
26.006
26.494
27.005
27.492
28.003
28.491
29.002
29.489
30.000
30.511
30.999
31.509
31.997
32.508
32.996
33.506
33.994
34.505
34.992
35.503
35.991
36.502
36.989
37.500
38.011
38.499
39.010
39.497
40.008
40.496
41.006
41.494
42.005
42.493
43.003
43.491
44.002
44.489
45.000
45.511
45.999
46.510
46.997
47.508
47.996
48.506
48.994
49.505
49.993
50.503
50.991
51.502
51.989
52.500
53.011
53.499
54.010
54.497
55.008
55.496
56.007
56.494
57.005
57.493
58.003
58.491
59.002
59.490
60.000
60.511
60.999
61.510
61.997
62.508
62.996
63.507
63.994
64.505
64.993
65.503
65.991
66.502
66.990
67.500
68.011
68.499
69.010
69.497
70.008
70.496
71.007
71.494
72.005
72.493
73.004
73.491
74.002
74.490
75.000
75.511
75.999
76.510
76.997
77.508
77.996
78.507
78.994
79.505
79.993
80.504
80.991
81.502
81.990
82.500
83.011
83.499
84.010
84.497
85.008
85.496
86.007
86.494
87.005
87.493
88.004
88.491
89.002
89.490
90.001
90.511
90.999
91.510
91.997
92.508
92.996
93.507
93.994
94.505
94.993
95.504
95.991
96.502
96.990
97.501
98.011
98.499
99.010
99.498
100.008
100.496
101.007
101.494
102.005
102.493
103.004
103.491
104.002
104.490
105.001
105.511
105.999
106.510
106.998
107.508
107.996
108.507
108.994
109.505
109.993
110.504
110.991
111.502
111.990
112.501
113.012
113.499
114.010
114.498
115.008
115.496
116.007
116.495
117.005
117.493
118.004
118.491
119.002
119.490
120.001
120.512
120.999
121.510
121.998
