5.782
5.991
6.200
6.432
6.641
6.850
7.059
7.268
7.500
7.709
7.918
8.150
8.359
8.568
8.777
8.986
9.218
9.427
9.636
9.845
10.054
10.286
10.495
10.704
10.913
11.146
11.355
11.564
11.773
12.005
12.214
12.423
12.632
12.841
13.073
13.282
13.491
13.700
13.932
14.141
14.350
14.559
14.791
15.000
15.209
15.418
15.627
15.859
16.068
16.277
16.486
16.718
16.927
17.136
17.345
17.578
17.786
17.995
18.204
18.413
18.646
18.855
19.064
19.273
19.482
20.155
20.364
20.573
20.782
20.991
21.200
21.873
22.082
22.291
22.500
22.709
22.918
23.568
23.800
24.009
24.427
24.636
25.519
25.728
26.146
26.355
26.587
26.796
27.005
27.214
27.423
27.632
27.841
28.073
28.723
28.932
29.141
29.582
29.791
30.418
31.277
31.486
32.160
32.369
32.578
32.787
33.019
34.900
35.132
35.341
35.550
35.689
36.107
36.223
36.432
36.641
36.873
37.291
38.150
38.359
38.592
39.544
39.869
40.078
40.728
41.796
42.005
42.214
42.539
42.655
42.957
43.282
43.491
43.723
44.373
45.000
45.209
45.441
45.976
46.928
47.160
47.578
47.694
47.903
48.112
48.437
48.646
48.878
49.087
49.505
50.132
50.364
50.573
51.850
52.082
52.500
53.801
54.010
54.962
55.287
55.496
55.728
55.937
57.005
57.214
57.423
57.864
58.723
58.932
59.350
59.791
60.442
60.651
60.860
61.394
61.835
62.369
64.087
64.296
65.573
65.782
66.014
67.291
67.524
67.733
69.219
69.451
70.705
70.937
71.564
72.423
72.655
72.864
74.141
75.000
75.209
75.860
76.069
76.719
76.928
77.253
77.578
77.787
78.437
78.646
78.971
79.296
79.505
80.155
80.364
80.689
80.991
81.200
82.083
82.408
82.709
82.918
83.244
83.569
83.801
84.103
84.428
84.637
85.287
85.821
86.146
86.355
87.005
87.214
87.539
87.864
88.073
88.723
88.932
89.258
89.583
89.792
92.137
121.649
