0.000
0.817
0.835
0.837
0.835
0.783
0.811
0.806
0.810
0.815
0.832
0.831
0.833
0.858
0.840
0.838
0.839
0.847
0.837
0.836
0.833
0.785
0.810
0.811
0.810
0.817
0.832
0.832
0.832
0.862
0.839
0.834
0.838
0.933
0.928
0.877
0.904
0.914
0.934
0.873
0.903
0.945
0.922
0.904
0.906
0.947
0.932
0.899
0.926
0.938
0.924
0.879
0.899
0.929
0.934
0.872
0.904
0.956
0.921
0.898
0.904
0.956
0.932
0.902
0.928
0.844
0.700
0.641
0.633
0.926
0.933
0.900
0.947
0.947
0.957
0.926
0.965
0.949
0.939
0.919
0.950
0.943
0.920
0.879
0.927
0.944
0.936
0.897
0.947
0.944
0.955
0.923
0.967
0.945
0.939
0.921
0.953
0.943
0.918
0.885
0.920
0.947
0.931
0.900
0.947
0.938
0.957
0.926
0.966
0.944
0.943
0.922
0.953
0.944
0.920
0.883
0.927
0.946
0.930
0.901
0.937
0.946
0.956
0.929
0.964
0.949
0.938
0.920
0.950
0.933
0.917
0.889
0.917
0.958
0.955
0.936
0.970
0.966
0.995
0.983
1.000
0.956
0.940
0.922
0.951
0.951
0.927
0.900
0.927
0.959
0.956
0.932
0.967
0.963
0.992
0.975
0.992
0.952
0.946
0.919
0.956
0.946
0.918
0.906
0.920
0.924
0.863
0.867
0.831
0.922
0.890
0.898
0.857
0.928
0.869
0.854
0.828
0.929
0.883
0.863
0.830
0.915
0.863
0.863
0.834
0.930
0.890
0.896
0.860
0.931
0.862
0.860
0.822
0.923
0.877
0.852
0.815
0.852
0.750
0.640
0.525
0.203
0.463
0.000
0.000
0.000
0.000
0.000
0.000
0.000
0.000
0.000
0.000
0.000
0.000
0.000
0.000
0.000
0.000
0.000
0.000
0.000
0.000
0.000
0.000
0.000
0.000
0.000
0.000
0.000
0.000
0.000
0.000
0.000
0.000
0.000
0.000
0.000
0.000
0.000
0.000
0.000
0.000
0.000
0.000
0.000
0.000
0.000
0.000
0.000
0.000
0.000
0.000
0.000
0.000
0.000
0.000
0.000
0.000
0.000
0.000
0.000
0.000
0.000
0.000
0.000
0.000
0.000
0.000
0.000
0.000
0.000
0.000
0.719
