19.482
19.691
19.876
20.132
20.248
20.364
20.457
20.573
20.759
20.991
21.200
21.409
21.595
21.850
22.059
22.268
22.454
22.500
22.918
23.127
23.313
23.545
23.684
23.731
23.777
23.893
23.986
24.172
24.404
24.613
24.822
25.031
25.263
25.472
25.681
25.890
26.331
26.540
26.749
26.982
27.098
27.214
27.330
27.423
27.609
27.841
28.050
28.259
28.468
28.700
28.909
29.118
29.327
29.768
29.977
30.186
30.418
30.534
30.650
30.743
30.859
31.022
31.068
31.254
31.486
31.695
31.881
32.113
32.345
32.554
32.763
34.900
35.132
35.341
35.550
35.782
35.991
36.177
36.409
36.618
36.827
37.036
37.268
37.477
37.686
37.895
38.127
38.336
38.545
38.754
38.986
39.102
39.219
39.404
39.613
39.822
40.031
40.263
40.449
40.705
40.914
41.123
41.308
41.355
41.564
41.749
41.982
42.167
42.400
42.539
42.632
42.841
43.027
43.259
43.468
43.700
43.886
44.118
44.327
44.559
44.722
44.768
44.977
45.186
45.418
45.604
45.836
45.952
46.068
46.277
46.463
46.695
46.904
47.113
47.322
47.554
47.671
47.787
47.972
48.158
48.205
48.414
48.623
48.832
49.041
49.273
49.482
49.691
49.876
49.923
50.132
50.318
50.550
50.736
50.991
51.107
51.200
51.409
51.595
51.641
51.827
52.059
52.268
52.454
52.686
52.825
52.918
53.127
53.313
53.545
53.754
53.986
54.172
54.404
54.613
54.822
55.031
55.263
55.472
55.681
55.890
56.123
56.355
56.541
56.750
56.982
57.191
57.400
57.609
57.841
57.957
58.073
58.259
58.445
58.491
58.700
58.909
59.118
59.327
59.559
59.768
59.977
60.163
60.209
60.418
60.604
60.836
61.022
61.277
61.394
61.486
61.695
61.881
62.113
62.322
62.555
62.740
62.973
63.205
63.390
63.599
63.832
64.041
64.273
64.459
64.691
64.900
65.109
65.318
65.550
65.759
65.991
66.177
66.409
66.641
66.827
67.036
67.268
67.477
67.686
67.895
68.127
68.360
68.545
68.731
68.778
68.986
69.195
69.404
69.590
69.846
70.055
70.264
70.449
70.496
70.705
70.891
71.123
71.332
71.564
71.680
71.773
71.982
72.168
72.400
72.609
72.841
73.027
73.259
73.491
73.677
73.886
74.118
74.327
74.559
74.745
74.977
75.186
75.395
75.604
75.836
121.673
