0.488
15.325
15.813
16.718
17.183
17.415
17.670
17.903
18.088
18.135
18.367
18.576
18.831
19.017
19.273
19.505
19.737
19.946
20.201
20.434
20.852
21.107
21.362
21.595
21.780
21.827
22.059
22.245
22.523
22.709
22.965
23.197
23.429
23.638
23.893
24.126
24.358
24.567
24.822
25.078
25.472
25.751
25.960
26.215
26.401
26.633
26.912
27.121
27.330
27.585
27.794
28.259
28.491
28.746
28.979
29.164
29.420
29.652
29.861
30.116
30.348
30.604
30.836
31.277
31.951
32.206
32.879
33.112
33.785
34.040
34.273
34.505
34.714
34.992
35.619
35.898
36.571
37.036
37.477
37.732
37.965
38.197
38.429
38.661
38.917
39.335
39.590
40.263
41.169
41.424
41.657
41.889
42.098
42.353
43.027
43.259
43.955
44.884
45.116
45.372
45.604
46.022
46.301
46.719
46.951
47.647
47.903
48.112
48.553
48.808
49.041
49.273
49.482
49.737
49.969
50.411
50.666
51.339
51.595
51.804
52.245
52.500
52.733
52.965
53.174
53.429
53.685
54.102
54.358
55.031
55.287
55.519
55.937
56.192
56.448
56.866
57.144
57.353
57.771
58.027
58.514
58.700
58.979
59.188
59.629
59.884
60.140
60.349
60.790
61.045
61.463
61.719
62.415
62.671
62.880
63.321
63.576
63.808
64.041
64.250
64.505
64.737
65.155
65.411
66.107
66.363
66.572
67.013
67.268
67.500
67.733
67.942
68.197
68.429
68.870
69.126
69.358
69.613
69.799
70.055
70.287
70.519
70.705
70.960
71.216
71.425
71.634
71.889
72.098
72.562
72.818
73.468
73.514
73.747
75.093
76.278
76.510
76.997
77.183
77.439
77.648
78.089
78.344
78.576
78.809
79.018
79.273
79.505
79.923
80.179
80.457
80.875
81.131
81.340
81.595
81.781
82.036
82.268
82.500
82.709
82.965
83.197
83.638
83.894
84.567
84.822
85.055
85.496
85.728
85.960
86.216
86.401
86.657
86.889
87.330
87.562
87.818
88.259
88.514
88.747
89.165
89.420
89.652
89.908
90.349
90.604
91.045
91.278
91.951
92.206
92.415
92.857
93.112
93.344
93.576
93.785
94.041
94.273
94.691
94.946
95.202
95.643
95.898
96.107
96.340
96.549
96.804
97.036
97.268
97.477
97.524
97.733
97.965
98.220
98.406
98.662
98.894
99.126
99.335
99.590
99.799
100.055
100.241
100.496
100.751
100.984
101.169
101.425
101.634
101.912
102.075
102.330
102.818
103.027
103.259
103.491
103.724
103.956
104.188
104.420
104.676
105.117
118.956
120.117
120.558
120.813
121.487
121.742
121.951
122.392
122.648
122.903
123.112
123.321
123.368
123.577
123.809
124.250
124.482
125.179
125.434
125.643
126.108
126.340
126.595
126.804
127.013
127.292
127.501
127.942
128.197
128.430
128.871
129.126
129.335
129.776
130.032
130.287
130.496
130.728
130.984
131.193
131.634
131.889
132.563
134.885
135.326
135.581
136.069
136.255
136.533
136.742
137.183
137.416
137.671
137.903
138.112
138.344
138.577
139.018
139.273
139.947
140.202
140.411
140.875
141.108
141.363
141.572
141.804
142.036
142.269
142.710
142.965
143.221
143.430
143.639
143.894
144.103
144.358
144.567
144.823
145.055
145.287
145.496
145.728
145.961
146.402
146.657
147.331
147.586
149.420
149.676
150.117
150.349
150.581
151.023
151.278
151.510
151.951
152.184
152.416
152.648
152.857
152.903
153.112
153.345
153.786
154.018
154.715
154.970
155.179
155.434
155.620
155.876
156.131
156.340
156.549
156.595
156.804
157.037
157.269
157.478
157.524
157.710
157.965
158.198
158.407
158.662
158.894
159.126
159.312
159.568
159.823
160.032
160.241
160.287
160.496
160.729
161.170
161.425
161.657
162.099
162.354
162.586
163.004
163.260
163.492
163.747
164.908
165.140
165.373
165.790
166.046
166.255
166.417
166.510
166.719
166.951
167.207
167.439
167.648
167.903
168.112
168.554
168.809
169.041
169.482
169.738
169.947
170.202
170.411
170.643
170.899
171.108
171.340
171.595
173.174
173.430
173.662
175.032
175.496
175.938
176.193
176.425
176.866
177.122
177.331
177.795
178.027
178.260
178.492
178.724
178.956
179.188
183.623
183.809
184.552
185.922
187.455
187.942
189.428
190.938
191.402
192.424
192.911
193.376
193.887
