-6.213
-7.161
-5.941
-8.549
-9.947
-11.586
-13.944
-16.399
-16.799
-18.912
-19.931
-19.939
-21.803
-20.078
-20.748
-19.558
-17.389
-15.604
-10.875
-12.462
-16.533
-10.776
-13.588
-9.563
-10.427
-10.666
-9.045
-11.717
-15.704
-10.531
-13.969
-11.514
-13.989
-8.351
-9.453
-9.086
-9.806
-9.739
-8.870
-7.411
-7.743
-9.496
-9.101
-9.991
-8.847
-7.992
-9.043
-7.958
-9.530
-7.331
-2.945
-2.988
-4.224
-3.101
-4.305
-3.685
-4.804
-4.691
-4.504
-3.688
-3.822
-3.374
-3.731
-3.827
-4.960
-3.943
-3.855
-2.915
-3.113
-3.627
-3.025
-3.392
-4.160
-4.164
-2.777
-3.155
-3.746
-3.478
-2.983
-3.411
-9.618
-3.031
-1.048
-1.934
-2.936
-3.259
-2.384
-2.661
-2.423
-3.086
-2.143
-4.258
-3.147
-3.181
-3.050
-4.085
-2.121
-2.671
-2.809
-3.571
-1.893
-2.642
-2.385
-4.993
-2.873
-4.378
-2.590
-4.751
-2.945
-3.095
-2.487
-4.418
-2.214
-2.479
-2.485
-3.126
-1.776
-2.029
-1.807
-2.584
-1.452
-2.097
-1.480
-1.116
-1.454
-1.420
-1.090
-1.438
-1.512
-1.448
-1.162
-1.118
-0.817
-1.479
-0.939
-1.106
-1.133
-1.031
-0.911
-0.063
-0.510
-0.681
-0.664
-0.713
-1.203
-5.335
-5.821
-1.276
-0.394
-0.866
-0.429
-1.360
-0.914
-1.826
-0.956
-1.175
-0.863
-0.890
-0.787
-1.597
-0.922
-1.089
-1.286
-0.811
-0.748
-0.780
-1.028
-1.728
-1.114
-1.522
-1.074
-1.015
-0.912
-0.668
-0.682
-1.668
-0.968
-0.228
-0.183
-4.833
-2.887
-0.149
-1.386
-1.437
-1.256
-1.442
-1.162
-0.789
-0.708
-1.087
-0.666
-1.478
-0.894
-4.309
-3.207
-4.844
-7.453
-11.674
-6.984
-7.233
-6.556
-11.026
-8.475
-7.823
-6.154
-11.324
-6.703
-9.310
-8.540
-11.369
-8.084
-8.136
-6.872
-12.748
-6.232
-10.156
-8.276
-12.500
-8.280
-7.716
-6.039
-11.360
-7.562
-10.623
-7.876
-10.910
-9.411
-8.439
-6.506
-12.410
-9.305
