193
206
2
117
41
1
21
32
10
0
40
0
0
3
1
0
3
0
2
1
4
1
3
0
4
1
0
2
2
4
2
0
2
3
1
1
0
0
4
2
2
2
0
2
2
0
0
3
3
0
10
3
16
3
17
0
25
0
12
0
4
35
29
2
28
23
25
0
1
31
9
0
33
25
0
23
9
25
0
9
27
0
4
31
0
0
0
0
11
27
0
33
27
0
14
0
27
25
0
28
26
0
31
33
1
27
25
0
31
0
23
13
25
0
1
25
0
12
9
24
0
0
11
26
0
2
36
0
1
0
15
0
18
26
37
15
0
26
0
41
1
36
0
2
4
0
4
8
16
1
18
0
8
0
2
37
18
41
18
30
30
1
26
0
14
18
37
26
0
0
15
0
15
0
15
14
26
0
2
2
0
34
12
1
0
37
18
1
36
0
26
0
15
0
0
0
7
2
2
16
29
35
0
4
0
0
1
4
34
40
42
3
16
1
4
4
2
1
10
1
13
0
1
0
1
13
40
0
0
