0.080
0.398
0.298
0.164
0.000
0.083
0.493
0.399
0.400
0.316
0.366
0.500
0.545
0.534
0.588
0.644
0.560
0.460
0.418
0.570
0.485
0.502
0.529
0.578
0.515
0.452
0.505
0.504
0.588
0.639
0.488
0.479
0.493
0.831
0.714
0.706
0.709
0.724
0.648
0.684
0.747
0.376
0.924
0.730
0.929
0.762
0.556
0.559
0.918
0.510
0.698
0.621
0.012
0.497
0.578
0.658
0.699
0.382
0.375
0.789
0.748
0.516
0.517
0.502
0.748
0.525
0.736
0.286
0.773
0.541
0.660
0.585
0.926
0.514
0.760
0.222
0.178
0.673
0.552
0.574
0.539
0.667
0.514
0.609
0.211
0.535
0.341
0.623
0.800
0.510
0.402
0.799
0.606
0.729
0.696
0.612
0.727
0.554
0.726
0.605
0.721
0.566
0.699
0.649
0.654
0.698
0.724
0.536
0.583
0.534
0.946
0.755
0.751
0.698
0.702
0.830
0.552
0.786
0.708
0.555
0.512
0.595
0.624
0.614
0.892
0.749
0.672
0.704
0.355
0.518
0.380
0.533
0.345
0.526
0.592
0.710
0.595
0.524
0.517
0.736
0.727
0.395
0.550
0.863
0.595
0.528
0.631
0.668
0.872
0.412
0.475
0.563
0.669
0.659
0.668
0.648
0.601
0.657
0.628
0.671
0.462
0.770
0.760
0.285
0.613
0.168
0.721
0.980
0.682
0.607
0.855
0.815
0.524
0.680
0.756
0.876
0.773
0.812
0.895
0.695
0.630
0.873
0.686
0.809
0.819
0.717
0.576
0.605
0.811
0.765
0.922
0.841
0.801
0.915
0.752
0.736
0.401
0.446
0.636
0.388
0.469
0.346
0.261
0.526
0.678
0.474
0.717
0.429
0.409
0.288
0.629
0.452
0.539
0.619
0.630
0.582
0.671
0.537
0.584
0.585
0.621
0.471
0.630
0.451
0.740
0.453
0.989
0.846
0.558
0.653
0.585
0.453
0.372
0.268
0.160
0.275
0.385
0.329
0.326
0.596
0.530
0.408
0.739
0.989
0.868
1.000
0.949
0.583
0.338
0.603
0.758
0.644
0.453
0.655
0.629
0.741
0.699
0.574
0.798
0.558
0.774
0.682
0.691
0.734
0.575
0.581
0.743
0.740
0.562
0.367
0.488
0.775
0.591
0.611
0.624
0.576
0.678
0.519
0.029
0.395
0.643
0.808
0.586
0.452
0.595
0.503
0.200
0.211
0.446
0.685
0.400
0.231
0.856
0.592
0.391
0.110
0.688
0.575
0.056
0.247
0.391
0.452
0.670
0.593
0.571
0.687
0.610
0.592
0.567
0.539
0.649
0.419
0.539
0.670
0.275
0.813
0.693
0.208
0.590
0.926
0.355
0.910
0.558
0.886
0.655
0.386
0.453
0.355
0.285
0.443
0.465
0.419
0.595
0.478
0.428
0.499
0.713
0.629
0.831
0.430
0.870
0.559
0.807
0.583
0.557
0.735
0.771
0.609
0.878
0.525
0.893
0.604
0.521
0.670
0.747
0.563
0.575
0.577
0.709
0.389
0.582
0.561
0.565
0.595
0.564
0.582
0.538
0.626
0.880
0.895
0.742
0.917
0.844
0.561
0.505
0.735
0.659
0.815
0.608
0.714
0.654
0.814
0.728
0.467
0.783
0.594
0.786
0.494
0.567
0.543
0.470
0.531
0.599
0.682
0.491
0.567
0.560
0.684
0.631
0.685
0.743
0.842
0.786
0.838
0.738
0.841
0.718
0.973
0.903
0.586
0.598
0.774
0.537
0.663
0.512
0.891
0.621
0.675
0.720
0.231
0.322
0.263
