7.454
7.709
7.918
8.173
8.406
8.684
8.893
9.172
9.381
9.660
9.892
10.170
10.379
10.658
10.867
11.146
11.355
11.633
11.865
12.330
12.632
12.841
13.119
13.328
13.607
13.816
14.303
15.790
16.277
16.556
16.765
17.067
17.252
17.531
17.763
18.042
18.251
18.530
18.739
19.226
19.505
19.714
20.201
20.503
20.689
20.735
20.968
21.200
21.478
21.687
22.175
22.454
22.663
23.150
23.429
23.661
24.149
24.636
25.124
25.426
25.612
25.913
26.099
26.610
27.098
27.585
28.073
28.561
29.048
31.533
32.044
32.508
33.483
33.762
34.482
34.969
35.457
35.736
35.944
36.432
36.920
37.222
37.431
37.709
37.918
38.406
38.893
39.172
39.381
39.683
39.869
40.171
40.380
40.658
40.867
41.146
41.355
41.842
42.330
42.818
43.096
43.328
43.816
44.304
44.606
44.791
45.070
47.253
47.531
47.740
48.042
48.251
48.530
48.739
49.017
49.226
49.505
49.714
49.993
50.202
50.480
50.689
50.968
51.200
51.455
51.688
51.966
52.175
52.431
52.663
52.941
53.174
53.429
53.638
53.685
53.940
54.149
54.404
54.613
54.915
55.124
55.612
55.890
56.099
56.401
56.587
56.633
56.889
57.098
57.585
58.073
58.561
59.072
59.536
59.582
60.047
60.325
60.534
60.813
61.045
61.510
62.020
62.508
63.019
66.688
66.943
67.222
67.431
67.686
67.918
68.406
68.917
69.404
69.869
70.356
70.403
70.612
70.891
71.123
71.355
71.843
72.144
72.330
72.632
72.864
73.120
73.329
73.816
74.304
74.559
75.279
75.581
75.790
76.045
76.254
76.301
76.533
76.788
77.253
77.531
77.740
78.019
78.228
78.507
78.762
79.018
79.226
79.528
79.714
79.993
80.202
80.480
82.686
83.058
83.406
83.894
84.149
84.544
84.660
84.892
85.008
85.380
85.867
86.123
86.494
86.634
86.750
86.982
87.353
87.841
88.097
88.468
88.584
88.723
88.840
88.956
89.304
89.792
90.070
90.326
90.419
90.581
90.813
90.929
91.278
91.765
92.044
92.415
92.532
92.880
93.251
93.739
93.994
94.227
94.482
96.943
97.431
107.764
108.762
109.273
109.761
110.248
110.713
111.711
111.943
114.149
114.660
114.892
115.148
115.426
115.635
115.891
116.123
116.611
116.866
117.121
117.586
117.864
118.073
118.561
118.840
119.072
119.560
120.070
120.558
121.533
122.021
122.508
123.019
123.484
123.995
124.459
124.970
125.457
125.736
125.968
126.433
126.943
127.222
127.408
128.685
129.382
129.660
130.380
130.868
131.355
131.843
132.122
132.331
132.609
132.841
133.329
133.817
134.304
134.583
134.815
135.094
135.279
135.558
135.814
136.069
136.278
136.557
136.789
136.928
137.044
137.276
141.201
141.479
141.711
142.176
142.687
142.942
143.151
143.453
143.662
144.149
144.405
144.660
144.916
145.148
145.403
145.612
145.891
146.611
147.122
147.354
147.609
149.095
149.583
151.023
151.069
151.533
152.021
152.509
152.996
153.507
153.972
154.482
154.993
155.504
155.968
156.247
156.828
157.455
157.942
158.430
158.894
165.814
167.068
167.277
167.787
168.275
168.763
169.018
169.250
169.715
170.225
170.713
170.969
171.224
171.688
171.944
172.222
172.687
173.174
173.662
174.637
175.148
175.404
175.613
175.891
176.123
176.263
176.611
176.866
177.099
177.586
178.074
178.306
178.561
178.840
179.072
179.351
179.537
179.583
179.839
180.048
180.326
180.535
180.814
181.023
181.301
181.510
181.812
182.021
182.277
182.509
182.787
182.996
183.275
183.484
183.763
183.972
184.134
184.250
184.459
184.738
184.970
185.249
185.458
185.736
185.945
186.201
186.433
186.712
186.944
187.199
187.408
187.710
187.919
188.198
188.407
188.685
188.894
189.382
189.870
190.171
190.357
190.404
190.659
190.891
191.147
191.356
191.634
191.843
192.122
192.238
192.331
192.377
192.610
192.842
193.329
193.608
193.817
194.072
194.305
194.583
194.815
195.048
195.280
195.558
195.791
196.046
196.255
196.534
196.766
197.045
197.254
197.532
197.741
198.020
198.229
198.507
198.740
198.995
199.227
199.506
199.715
199.970
200.202
200.481
200.713
200.969
201.178
201.456
201.689
201.944
202.176
202.455
202.664
202.919
203.151
203.662
203.941
204.127
204.428
204.637
205.125
205.404
205.613
205.891
206.100
206.379
